0.0001193	0.9856705
0.0003668	0.9856353
0.0006201	0.9856503
0.0008731	0.9856394
0.0011276	0.9856864
0.0013819	0.9856918
0.0016366	0.9856614
0.0018914	0.9856861
0.0021457	0.9857573
0.0024013	0.9857620
0.0026563	0.9858097
0.0029112	0.9858565
0.0031669	0.9859393
0.0034220	0.9859588
0.0036782	0.9860231
0.0039339	0.9860554
0.0041895	0.9861349
0.0044447	0.9862074
0.0047002	0.9862574
0.0049556	0.9863882
0.0052099	0.9864661
0.0054652	0.9866128
0.0057191	0.9867690
0.0059737	0.9869568
0.0062270	0.9872011
0.0064800	0.9874123
0.0067342	0.9876549
0.0069878	0.9879230
0.0072407	0.9882421
0.0074945	0.9885210
0.0077472	0.9888273
0.0080014	0.9891170
0.0082547	0.9895187
0.0085080	0.9898934
0.0087619	0.9902736
0.0090149	0.9906654
0.0092687	0.9910591
0.0095222	0.9914963
0.0097753	0.9918754
0.0100294	0.9923109
0.0102832	0.9927267
0.0105361	0.9931840
0.0107904	0.9936228
0.0110442	0.9940650
0.0112985	0.9945273
0.0115523	0.9949760
0.0118067	0.9954042
0.0120615	0.9958384
0.0123164	0.9962937
0.0125717	0.9967502
0.0128268	0.9971648
0.0130823	0.9975255
0.0133386	0.9979108
0.0135950	0.9982838
0.0138519	0.9986272
0.0141092	0.9989673
0.0143656	0.9992712
0.0146228	0.9995120
0.0148796	0.9997137
0.0151363	0.9999118
0.0153938	0.9999873
0.0156499	1.0000082
0.0159068	0.9999829
0.0161634	0.9999916
0.0164190	0.9999933
0.0166751	1.0000148
0.0169313	1.0000149
0.0171869	1.0000122
0.0174429	1.0000365
0.0176979	1.0000131
0.0179531	0.9999893
0.0182086	1.0000371
0.0184632	0.9999623
0.0187181	0.9999915
0.0189725	1.0000389
0.0192272	1.0000187
0.0194825	0.9999971
0.0197364	1.0000289
0.0199912	0.9999971
0.0202457	1.0000052
0.0205002	1.0000073
0.0207548	0.9999993
0.0210085	0.9999805
0.0212625	0.9999915
0.0215169	0.9999828
0.0217705	0.9999922
0.0220254	0.9999962
0.0222797	1.0000142
0.0225347	1.0000095
0.0227894	1.0000420
0.0230438	1.0000293
0.0232987	0.9999964
0.0235531	1.0000386
0.0238082	1.0000291
0.0240622	1.0000280
0.0243160	1.0000424
0.0245708	1.0000447
0.0248255	1.0000510
0.0250799	1.0000193
0.0253340	1.0000365
0.0255887	1.0000058
0.0258436	1.0000192
0.0260975	0.9999970
0.0263513	0.9999857
0.0266056	1.0000091
0.0268599	0.9999885
0.0271138	0.9999446
0.0273682	0.9999731
0.0276226	1.0000378
0.0278766	0.9999921
0.0281319	0.9999970
0.0283861	0.9999848
0.0286398	0.9999882
0.0288939	0.9999792
0.0291480	1.0000050
0.0294010	0.9999792
0.0296534	0.9999999
0.0299068	1.0000176
0.0301600	0.9999853
0.0304126	0.9999879
0.0306656	1.0000258
0.0309186	1.0000414
0.0311713	1.0000254
0.0314238	1.0000017
0.0316755	1.0000029
0.0319271	1.0000046
0.0321789	1.0000047
0.0324310	1.0000219
0.0326825	1.0000122
0.0329343	1.0000294
0.0331872	1.0000265
0.0334405	1.0000135
0.0336933	0.9999995
0.0339453	0.9999914
0.0341981	1.0000074
0.0344503	0.9999907
0.0347026	0.9999999
0.0349546	1.0000268
0.0352078	1.0000121
0.0354609	1.0000233
0.0357137	1.0000024
0.0359662	1.0000238
0.0362195	0.9999823
0.0364728	1.0000184
0.0367254	1.0000034
0.0369770	1.0000021
0.0372300	1.0000193
0.0374822	1.0000219
0.0377346	1.0000215
0.0379864	1.0000258
0.0382393	0.9999946
0.0384916	0.9999986
0.0387443	1.0000032
0.0389968	1.0000184
0.0392502	1.0000413
0.0395034	1.0000336
0.0397568	1.0000209
0.0400094	1.0000198
0.0402629	1.0000191
0.0405159	0.9999955
0.0407684	0.9999136
0.0410213	1.0000068
0.0412746	0.9999878
0.0415282	1.0000412
0.0417811	0.9999989
0.0420349	0.9999963
0.0422886	1.0000157
0.0425426	1.0000270
0.0427958	1.0000300
0.0430492	1.0000097
0.0433028	1.0000196
0.0435559	1.0000321
0.0438082	1.0000239
0.0440614	0.9999761
0.0443147	1.0000247
0.0445685	0.9999855
0.0448215	1.0000029
0.0450743	1.0000105
0.0453276	1.0000069
0.0455814	1.0000283
0.0458349	0.9999981
0.0460878	0.9999988
0.0463413	1.0000052
0.0465946	0.9999928
0.0468469	1.0000203
0.0470999	1.0000448
0.0473529	1.0000039
0.0476061	0.9999993
0.0478587	1.0000483
0.0481102	1.0000123
0.0483629	0.9999994
0.0486156	1.0000274
0.0488673	1.0000268
0.0491188	1.0000131
0.0493706	0.9999943
0.0496226	1.0000154
0.0498745	1.0000020
0.0501271	1.0000155
0.0503791	1.0000092
0.0506320	0.9999810
0.0508845	0.9999878
0.0511385	0.9999941
0.0513927	1.0000018
0.0516466	0.9999926
0.0518999	1.0000206
0.0521537	0.9999933
0.0524080	1.0000451
0.0526620	1.0000500
0.0529157	1.0000186
0.0531700	1.0000062
0.0534242	0.9999974
0.0536781	0.9999818
0.0539319	0.9999859
0.0541846	1.0000469
0.0544381	1.0000125
0.0546927	1.0000425
0.0549473	1.0000189
0.0552013	1.0000363
0.0554548	1.0000380
0.0557093	1.0000198
0.0559637	1.0000132
0.0562170	1.0000087
0.0564714	1.0000007
0.0567255	1.0000214
0.0569796	1.0000013
0.0572337	1.0000254
0.0574878	1.0000146
0.0577417	1.0000323
0.0579949	1.0000539
0.0582475	0.9999946
0.0584997	1.0000064
0.0587515	1.0000382
0.0590046	0.9999733
0.0592567	0.9999833
0.0595081	1.0000318
0.0597609	1.0000218
0.0600144	1.0000356
0.0602671	1.0000248
0.0605196	1.0000202
0.0607728	1.0000303
0.0610261	0.9999842
0.0612787	0.9999805
0.0615298	1.0000131
0.0617817	1.0000258
0.0620339	0.9999963
0.0622852	0.9999833
0.0625369	1.0000009
0.0627888	1.0000002
0.0630404	0.9999972
0.0632911	1.0000299
0.0635420	1.0000081
0.0637936	0.9999956
0.0640452	0.9999942
0.0642962	1.0000099
0.0645469	1.0000182
0.0647986	1.0000324
0.0650495	1.0000495
0.0653007	1.0000074
0.0655519	1.0000172
0.0658032	0.9999857
0.0660543	1.0000435
0.0663053	1.0000218
0.0665567	1.0000490
0.0668084	0.9999891
0.0670586	1.0000176
0.0673089	1.0000194
0.0675601	1.0000214
0.0678115	1.0000370
0.0680620	1.0000042
0.0683134	1.0000028
0.0685650	1.0000064
0.0688161	1.0000101
0.0690669	1.0000020
0.0693183	1.0000384
0.0695699	1.0000328
0.0698211	0.9999920
0.0700719	1.0000109
0.0703231	1.0000230
0.0705747	0.9999705
0.0708263	0.9999980
0.0710776	1.0000215
0.0713297	0.9999990
0.0715819	1.0000010
0.0718334	0.9999799
0.0720847	0.9999827
0.0723370	0.9999887
0.0725891	1.0000371
0.0728406	1.0000257
0.0730918	1.0000266
0.0733442	0.9999724
0.0735959	1.0000121
0.0738471	1.0000210
0.0740990	1.0000296
0.0743508	0.9999567
0.0746017	1.0000153
0.0748525	1.0000307
0.0751041	1.0000149
0.0753557	1.0000342
0.0756067	1.0000501
0.0758572	1.0000292
0.0761081	1.0000395
0.0763587	1.0000186
0.0766092	0.9999662
0.0768596	0.9999945
0.0771105	1.0000181
0.0773612	1.0000376
0.0776119	1.0000290
0.0778632	0.9999922
0.0781144	1.0000022
0.0783658	0.9999949
0.0786175	1.0000099
0.0788694	1.0000006
0.0791209	1.0000047
0.0793725	1.0000383
0.0796252	0.9999433
0.0798780	0.9999765
0.0801308	1.0000195
0.0803834	1.0000581
0.0806365	1.0000175
0.0808896	1.0000234
0.0811429	1.0000114
0.0813957	0.9999963
0.0816488	1.0000210
0.0819022	1.0000044
0.0821560	0.9999947
0.0824090	1.0000380
0.0826625	1.0000282
0.0829165	1.0000047
0.0831712	1.0000051
0.0834254	1.0000051
0.0836798	0.9999961
0.0839350	1.0000256
0.0841898	1.0000171
0.0844442	0.9999862
0.0846987	0.9999884
0.0849530	0.9999972
0.0852071	0.9999789
0.0854613	1.0000158
0.0857152	0.9999737
0.0859700	0.9999934
0.0862242	0.9999924
0.0864793	1.0000176
0.0867332	0.9999965
0.0869870	1.0000165
0.0872403	1.0000076
0.0874940	1.0000081
0.0877474	1.0000183
0.0880003	0.9999952
0.0882529	0.9999817
0.0885058	1.0000409
0.0887581	1.0000063
0.0890111	1.0000103
0.0892632	1.0000216
0.0895162	1.0000433
0.0897684	1.0000064
0.0900201	1.0000311
0.0902730	1.0000332
0.0905257	1.0000202
0.0907776	1.0000070
0.0910307	1.0000375
0.0912828	0.9999989
0.0915353	0.9999793
0.0917874	1.0000207
0.0920392	1.0000333
0.0922907	1.0000135
0.0925437	1.0000482
0.0927958	1.0000333
0.0930476	1.0000383
0.0933009	0.9999822
0.0935543	1.0000121
0.0938068	1.0000238
0.0940597	1.0000396
0.0943128	1.0000289
0.0945655	1.0000034
0.0948182	0.9999898
0.0950715	1.0000214
0.0953244	1.0000108
0.0955785	1.0000264
0.0958319	0.9999975
0.0960840	0.9999750
0.0963367	0.9999977
0.0965895	0.9999938
0.0968416	0.9999968
0.0970937	0.9999948
0.0973464	0.9999952
0.0975984	1.0000027
0.0978506	1.0000132
0.0981033	1.0000094
0.0983550	1.0000211
0.0986081	1.0000345
0.0988602	0.9999738
0.0991121	1.0000376
0.0993649	1.0000071
0.0996178	1.0000238
0.0998696	0.9999916
0.1001214	1.0000263
0.1003734	1.0000105
0.1006249	0.9999683
0.1008765	1.0000015
0.1011287	0.9999876
0.1013799	0.9999675
0.1016322	1.0000039
0.1018837	1.0000072
0.1021354	0.9999978
0.1023874	0.9999897
0.1026395	0.9999820
0.1028912	0.9999837
0.1031428	0.9999878
0.1033958	1.0000080
0.1036478	1.0000374
0.1038989	1.0000175
0.1041509	1.0000298
0.1044026	1.0000116
0.1046534	0.9999839
0.1049043	1.0000093
0.1051560	1.0000348
0.1054075	1.0000173
0.1056584	1.0000127
0.1059095	1.0000043
0.1061610	1.0000339
0.1064118	1.0000114
0.1066628	1.0000228
0.1069144	0.9999933
0.1071652	1.0000094
0.1074168	0.9999883
0.1076677	1.0000435
0.1079192	1.0000236
0.1081703	1.0000123
0.1084223	1.0000136
0.1086739	1.0000409
0.1089255	1.0000619
0.1091785	1.0000253
0.1094307	1.0000500
0.1096825	1.0000113
0.1099347	1.0000002
0.1101871	1.0000295
0.1104383	1.0000038
0.1106903	1.0000237
0.1109430	1.0000259
0.1111956	1.0000098
0.1114477	0.9999977
0.1117000	1.0000195
0.1119524	0.9999980
0.1122039	1.0000046
0.1124554	1.0000306
0.1127076	1.0000113
0.1129591	0.9999908
0.1132110	1.0000195
0.1134625	0.9999890
0.1137147	1.0000044
0.1139655	0.9999919
0.1142160	0.9999939
0.1144667	1.0000024
0.1147175	0.9999921
0.1149679	0.9999949
0.1152182	1.0000102
0.1154691	1.0000448
0.1157196	1.0000004
0.1159704	1.0000156
0.1162211	1.0000259
0.1164727	1.0000136
0.1167240	1.0000221
0.1169749	1.0000609
0.1172262	1.0000284
0.1174774	1.0000235
0.1177288	1.0000346
0.1179795	0.9999929
0.1182314	1.0000121
0.1184834	1.0000513
0.1187351	1.0000155
0.1189866	1.0000084
0.1192376	1.0000015
0.1194888	1.0000057
0.1197397	1.0000047
0.1199901	1.0000326
0.1202406	0.9999958
0.1204914	1.0000345
0.1207424	1.0000240
0.1209940	0.9999768
0.1212462	0.9999987
0.1214977	0.9999980
0.1217504	1.0000101
0.1220032	1.0000181
0.1222561	1.0000370
0.1225093	1.0000141
0.1227631	1.0000149
0.1230166	1.0000175
0.1232695	1.0000223
0.1235239	1.0000401
0.1237781	1.0000333
0.1240318	1.0000023
0.1242857	1.0000235
0.1245395	1.0000395
0.1247941	1.0000294
0.1250473	1.0000070
0.1253004	0.9999838
0.1255539	0.9999854
0.1258070	1.0000134
0.1260589	0.9999931
0.1263111	1.0000050
0.1265637	0.9999795
0.1268159	1.0000047
0.1270678	1.0000291
0.1273205	0.9999880
0.1275729	0.9999808
0.1278252	0.9999964
0.1280774	1.0000231
0.1283301	1.0000114
0.1285819	1.0000161
0.1288338	1.0000292
0.1290853	1.0000181
0.1293364	1.0000231
0.1295876	1.0000070
0.1298388	1.0000479
0.1300902	0.9999859
0.1303416	0.9999742
0.1305927	1.0000112
0.1308441	0.9999785
0.1310960	0.9999975
0.1313475	1.0000127
0.1315996	1.0000306
0.1318515	1.0000023
0.1321030	1.0000433
0.1323546	0.9999969
0.1326068	0.9999970
0.1328581	1.0000155
0.1331105	1.0000252
0.1333631	1.0000058
0.1336154	1.0000083
0.1338675	1.0000226
0.1341202	1.0000035
0.1343726	1.0000378
0.1346255	1.0000224
0.1348786	1.0000284
0.1351314	0.9999919
0.1353841	0.9999765
0.1356374	1.0000310
0.1358900	1.0000271
0.1361426	0.9999620
0.1363958	1.0000281
0.1366492	1.0000227
0.1369015	1.0000124
0.1371545	0.9999860
0.1374078	1.0000271
0.1376609	1.0000496
0.1379136	1.0000498
0.1381664	1.0000275
0.1384181	1.0000132
0.1386710	1.0000502
0.1389232	1.0000143
0.1391750	1.0000180
0.1394276	1.0000189
0.1396805	1.0000187
0.1399326	1.0000109
0.1401857	1.0000099
0.1404390	1.0000120
0.1406922	1.0000008
0.1409459	1.0000480
0.1411995	1.0000343
0.1414525	1.0000393
0.1417069	1.0000406
0.1419608	1.0000028
0.1422144	1.0000186
0.1424687	1.0000179
0.1427233	0.9999925
0.1429771	1.0000312
0.1432304	0.9999742
0.1434844	1.0000151
0.1437382	1.0000141
0.1439913	0.9999927
0.1442452	1.0000158
0.1444992	1.0000285
0.1447532	1.0000190
0.1450070	0.9999949
0.1452605	1.0000079
0.1455136	1.0000442
0.1457673	1.0000213
0.1460211	1.0000304
0.1462735	1.0000470
0.1465268	1.0000343
0.1467808	1.0000131
0.1470343	1.0000224
0.1472877	0.9999840
0.1475408	1.0000283
0.1477925	0.9999899
0.1480453	1.0000090
0.1482973	1.0000275
0.1485498	1.0000038
0.1488018	0.9999795
0.1490548	0.9999951
0.1493069	1.0000206
0.1495590	1.0000161
0.1498112	1.0000244
0.1500632	1.0000160
0.1503150	0.9999873
0.1505668	1.0000028
0.1508195	0.9999951
0.1510721	1.0000420
0.1513239	1.0000250
0.1515762	1.0000405
0.1518289	1.0000095
0.1520815	0.9999960
0.1523332	0.9999689
0.1525858	0.9999886
0.1528392	1.0000187
0.1530920	1.0000263
0.1533448	0.9999842
0.1535976	1.0000364
0.1538508	1.0000415
0.1541035	0.9999799
0.1543560	1.0000305
0.1546094	1.0000309
0.1548623	1.0000310
0.1551156	1.0000298
0.1553690	1.0000350
0.1556228	1.0000081
0.1558764	1.0000019
0.1561299	1.0000384
0.1563835	1.0000488
0.1566371	1.0000383
0.1568901	1.0000444
0.1571442	0.9999931
0.1573974	0.9999711
0.1576507	1.0000126
0.1579047	1.0000080
0.1581599	1.0000090
0.1584144	1.0000345
0.1586678	0.9999932
0.1589217	0.9999944
0.1591755	1.0000147
0.1594285	0.9999934
0.1596828	1.0000083
0.1599368	0.9999821
0.1601908	1.0000139
0.1604449	0.9999940
0.1606989	1.0000345
0.1609530	1.0000002
0.1612076	1.0000227
0.1614629	1.0000025
0.1617172	1.0000323
0.1619713	1.0000243
0.1622261	1.0000282
0.1624813	1.0000013
0.1627352	0.9999827
0.1629890	1.0000050
0.1632432	1.0000126
0.1634973	1.0000309
0.1637512	0.9999941
0.1640052	1.0000229
0.1642594	1.0000258
0.1645126	0.9999905
0.1647667	0.9999889
0.1650200	0.9999784
0.1652731	0.9999911
0.1655276	0.9999843
0.1657821	0.9999848
0.1660353	1.0000078
0.1662887	1.0000538
0.1665424	1.0000218
0.1667958	1.0000310
0.1670483	1.0000109
0.1673014	1.0000304
0.1675549	1.0000158
0.1678081	1.0000152
0.1680619	0.9999941
0.1683153	1.0000144
0.1685689	1.0000512
0.1688223	1.0000452
0.1690761	0.9999885
0.1693294	1.0000220
0.1695815	0.9999914
0.1698351	1.0000353
0.1700879	0.9999933
0.1703404	1.0000198
0.1705934	1.0000357
0.1708468	1.0000000
0.1710999	1.0000120
0.1713537	1.0000329
0.1716089	1.0000222
0.1718636	1.0000073
0.1721182	1.0000004
0.1723736	1.0000162
0.1726290	1.0000299
0.1728837	1.0000161
0.1731396	0.9999959
0.1733950	1.0000193
0.1736502	0.9999867
0.1739064	1.0000178
0.1741625	1.0000377
0.1744177	1.0000347
0.1746731	1.0000182
0.1749285	0.9999982
0.1751833	1.0000064
0.1754384	0.9999828
0.1756928	1.0000358
0.1759462	0.9999856
0.1762005	0.9999728
0.1764547	0.9999912
0.1767080	0.9999930
0.1769613	0.9999566
0.1772143	0.9999925
0.1774670	1.0000045
0.1777208	0.9999885
0.1779743	0.9999868
0.1782271	1.0000103
0.1784813	0.9999958
0.1787354	0.9999994
0.1789891	0.9999996
0.1792433	0.9999915
0.1794967	1.0000072
0.1797505	1.0000356
0.1800038	1.0000191
0.1802573	1.0000079
0.1805106	1.0000477
0.1807650	0.9999878
0.1810185	1.0000516
0.1812714	1.0000358
0.1815259	1.0000338
0.1817803	1.0000386
0.1820350	0.9999923
0.1822899	1.0000394
0.1825443	1.0000129
0.1828000	1.0000176
0.1830553	1.0000074
0.1833101	1.0000190
0.1835658	1.0000374
0.1838205	1.0000247
0.1840765	1.0000125
0.1843323	1.0000034
0.1845875	1.0000039
0.1848433	1.0000228
0.1850979	1.0000312
0.1853530	0.9999870
0.1856077	0.9999971
0.1858618	0.9999885
0.1861169	1.0000069
0.1863708	1.0000169
0.1866249	1.0000229
0.1868790	1.0000182
0.1871322	1.0000212
0.1873865	1.0000383
0.1876392	1.0000192
0.1878916	1.0000056
0.1881452	1.0000370
0.1883979	1.0000118
0.1886509	1.0000053
0.1889047	0.9999983
0.1891575	1.0000050
0.1894115	1.0000174
0.1896651	1.0000241
0.1899179	1.0000158
0.1901720	0.9999894
0.1904265	1.0000043
0.1906804	1.0000315
0.1909336	0.9999901
0.1911873	1.0000118
0.1914410	1.0000170
0.1916943	1.0000239
0.1919479	1.0000307
0.1922011	1.0000016
0.1924534	1.0000133
0.1927072	0.9999444
0.1929610	1.0000076
0.1932146	0.9999911
0.1934686	1.0000413
0.1937225	1.0000351
0.1939758	1.0000119
0.1942292	0.9999965
0.1944826	1.0000133
0.1947364	1.0000368
0.1949902	0.9999821
0.1952433	0.9999816
0.1954967	1.0000307
0.1957506	1.0000029
0.1960032	1.0000238
0.1962562	1.0000544
0.1965090	0.9999885
0.1967621	1.0000122
0.1970153	1.0000125
0.1972679	1.0000240
0.1975207	1.0000315
0.1977743	1.0000116
0.1980268	1.0000141
0.1982799	1.0000351
0.1985330	0.9999831
0.1987864	1.0000213
0.1990400	1.0000369
0.1992935	1.0000147
0.1995468	0.9999844
0.1998014	1.0000351
0.2000558	1.0000516
0.2003094	1.0000151
0.2005637	1.0000269
0.2008178	1.0000222
0.2010719	1.0000240
0.2013262	1.0000422
0.2015802	1.0000161
0.2018336	0.9999977
0.2020877	1.0000522
0.2023406	1.0000001
0.2025941	1.0000309
0.2028482	1.0000530
0.2031022	1.0000214
0.2033566	1.0000326
0.2036106	1.0000223
0.2038641	1.0000197
0.2041189	1.0000200
0.2043730	1.0000142
0.2046269	1.0000451
0.2048812	1.0000323
0.2051347	1.0000248
0.2053894	1.0000178
0.2056435	1.0000115
0.2058976	1.0000013
0.2061527	1.0000295
0.2064075	1.0000505
0.2066619	1.0000164
0.2069160	1.0000053
0.2071696	0.9999849
0.2074243	1.0000021
0.2076786	0.9999880
0.2079323	0.9999773
0.2081866	0.9999787
0.2084402	1.0000032
0.2086944	0.9999885
0.2089482	1.0000024
0.2092020	1.0000046
0.2094566	1.0000148
0.2097104	1.0000166
0.2099656	1.0000030
0.2102205	0.9999889
0.2104748	0.9999697
0.2107303	1.0000435
0.2109845	1.0000241
0.2112405	1.0000145
0.2114961	1.0000199
0.2117522	1.0000209
0.2120079	1.0000232
0.2122637	0.9999788
0.2125197	1.0000237
0.2127755	1.0000440
0.2130318	1.0000324
0.2132874	1.0000339
0.2135429	1.0000395
0.2137980	1.0000177
0.2140535	1.0000469
0.2143099	1.0000476
0.2145652	1.0000257
0.2148210	0.9999990
0.2150758	1.0000487
0.2153313	1.0000357
0.2155868	1.0000400
0.2158413	1.0000177
0.2160971	1.0000015
0.2163517	1.0000571
0.2166075	1.0000370
0.2168629	1.0000276
0.2171175	1.0000439
0.2173732	0.9999808
0.2176277	0.9999786
0.2178825	0.9999882
0.2181377	1.0000063
0.2183931	0.9999957
0.2186491	1.0000252
0.2189051	0.9999898
0.2191606	1.0000034
0.2194161	0.9999952
0.2196712	1.0000181
0.2199259	1.0000144
0.2201812	0.9999809
0.2204354	0.9999995
0.2206904	1.0000353
0.2209461	1.0000102
0.2212015	1.0000044
0.2214577	1.0000159
0.2217137	1.0000461
0.2219694	1.0000156
0.2222258	1.0000377
0.2224807	0.9999917
0.2227359	1.0000572
0.2229912	1.0000296
0.2232463	1.0000301
0.2235022	1.0000082
0.2237571	1.0000451
0.2240118	0.9999940
0.2242671	1.0000333
0.2245227	1.0000011
0.2247782	1.0000378
0.2250325	1.0000246
0.2252870	1.0000377
0.2255416	1.0000048
0.2257976	1.0000038
0.2260527	1.0000423
0.2263069	1.0000243
0.2265622	1.0000147
0.2268163	1.0000030
0.2270717	0.9999910
0.2273262	1.0000435
0.2275804	0.9999836
0.2278354	1.0000021
0.2280897	1.0000006
0.2283448	0.9999992
0.2285992	1.0000369
0.2288538	1.0000227
0.2291085	1.0000430
0.2293631	1.0000610
0.2296185	1.0000597
0.2298733	1.0000437
0.2301292	1.0000132
0.2303841	1.0000208
0.2306396	0.9999851
0.2308947	1.0000058
0.2311500	0.9999944
0.2314054	1.0000298
0.2316596	1.0000132
0.2319149	0.9999871
0.2321697	0.9999774
0.2324252	1.0000210
0.2326806	1.0000102
0.2329354	0.9999842
0.2331910	1.0000071
0.2334453	1.0000016
0.2337001	1.0000299
0.2339542	1.0000215
0.2342079	1.0000013
0.2344622	1.0000288
0.2347167	1.0000220
0.2349703	0.9999895
0.2352247	1.0000042
0.2354785	1.0000407
0.2357324	1.0000076
0.2359863	1.0000048
0.2362395	1.0000280
0.2364939	1.0000268
0.2367480	1.0000164
0.2370020	0.9999882
0.2372555	1.0000339
0.2375088	1.0000189
0.2377624	1.0000127
0.2380165	0.9999945
0.2382694	1.0000262
0.2385232	0.9999736
0.2387763	1.0000344
0.2390301	1.0000210
0.2392836	1.0000307
0.2395366	1.0000093
0.2397907	1.0000128
0.2400449	0.9999878
0.2402990	1.0000121
0.2405532	0.9999977
0.2408074	1.0000432
0.2410627	1.0000111
0.2413175	1.0000016
0.2415719	1.0000027
0.2418275	1.0000096
0.2420819	0.9999711
0.2423381	1.0000034
0.2425930	1.0000117
0.2428478	0.9999911
0.2431036	1.0000033
0.2433583	1.0000281
0.2436143	1.0000111
0.2438695	0.9999940
0.2441242	1.0000127
0.2443794	0.9999912
0.2446340	1.0000111
0.2448886	1.0000158
0.2451430	1.0000171
0.2453963	1.0000090
0.2456511	0.9999989
0.2459054	1.0000061
0.2461601	1.0000035
0.2464154	0.9999704
0.2466707	1.0000273
0.2469263	0.9999888
0.2471814	1.0000079
0.2474368	0.9999989
0.2476915	1.0000016
0.2479476	1.0000114
0.2482025	0.9999953
0.2484579	1.0000033
0.2487129	1.0000044
0.2489677	0.9999975
0.2492229	1.0000302
0.2494767	1.0000364
0.2497319	1.0000139
0.2499864	1.0000297
0.2502416	1.0000294
0.2504963	1.0000368
0.2507506	1.0000302
0.2510055	1.0000073
0.2512603	1.0000318
0.2515148	1.0000374
0.2517699	1.0000063
0.2520251	1.0000627
0.2522811	1.0000214
0.2525370	1.0000163
0.2527926	1.0000154
0.2530490	1.0000307
0.2533050	1.0000163
0.2535621	1.0000027
0.2538182	1.0000117
0.2540750	1.0000048
0.2543313	1.0000229
0.2545877	1.0000273
0.2548445	1.0000224
0.2551004	0.9999982
0.2553566	1.0000293
0.2556121	1.0000212
0.2558685	1.0000129
0.2561249	1.0000376
0.2563809	1.0000387
0.2566375	1.0000121
0.2568935	1.0000298
0.2571497	1.0000128
0.2574061	0.9999912
0.2576616	1.0000369
0.2579173	1.0000248
0.2581742	0.9999954
0.2584314	1.0000442
0.2586893	1.0000146
0.2589470	0.9999742
0.2592037	1.0000045
0.2594610	1.0000541
0.2597178	1.0000419
0.2599745	1.0000127
0.2602310	1.0000251
0.2604868	1.0000425
0.2607437	1.0000342
0.2610001	1.0000184
0.2612561	0.9999651
0.2615117	0.9999742
0.2617659	1.0000085
0.2620216	1.0000154
0.2622767	1.0000053
0.2625304	1.0000627
0.2627841	1.0000404
0.2630376	1.0000347
0.2632924	0.9999824
0.2635458	0.9999859
0.2638002	1.0000094
0.2640531	0.9999944
0.2643073	1.0000037
0.2645606	1.0000299
0.2648134	1.0000060
0.2650661	1.0000180
0.2653197	1.0000025
0.2655719	1.0000100
0.2658244	1.0000174
0.2660764	1.0000172
0.2663291	1.0000177
0.2665813	1.0000285
0.2668332	1.0000222
0.2670858	1.0000294
0.2673386	1.0000062
0.2675920	1.0000299
0.2678442	1.0000418
0.2680974	1.0000428
0.2683505	1.0000134
0.2686036	0.9999970
0.2688563	1.0000277
0.2691091	1.0000138
0.2693622	1.0000234
0.2696153	1.0000369
0.2698676	1.0000351
0.2701209	0.9999987
0.2703741	1.0000051
0.2706282	1.0000279
0.2708810	1.0000471
0.2711346	1.0000050
0.2713873	1.0000398
0.2716405	1.0000021
0.2718937	0.9999839
0.2721459	1.0000087
0.2723994	1.0000231
0.2726523	1.0000241
0.2729058	1.0000347
0.2731591	0.9999947
0.2734118	0.9999838
0.2736654	0.9999765
0.2739180	1.0000482
0.2741706	1.0000209
0.2744238	1.0000083
0.2746759	0.9999851
0.2749286	1.0000359
0.2751805	1.0000061
0.2754332	1.0000348
0.2756854	0.9999953
0.2759375	0.9999810
0.2761899	1.0000047
0.2764421	1.0000109
0.2766951	1.0000170
0.2769469	1.0000236
0.2771994	1.0000356
0.2774518	0.9999876
0.2777042	1.0000131
0.2779569	1.0000257
0.2782089	0.9999585
0.2784626	1.0000340
0.2787159	1.0000107
0.2789695	0.9999792
0.2792224	1.0000634
0.2794766	1.0000525
0.2797297	1.0000067
0.2799835	1.0000135
0.2802367	1.0000015
0.2804906	1.0000205
0.2807442	1.0000243
0.2809976	1.0000009
0.2812511	0.9999901
0.2815044	1.0000177
0.2817583	1.0000021
0.2820102	1.0000149
0.2822628	1.0000165
0.2825147	1.0000168
0.2827683	0.9999673
0.2830211	0.9999951
0.2832735	1.0000416
0.2835270	1.0000306
0.2837797	0.9999728
0.2840328	1.0000181
0.2842857	1.0000142
0.2845383	1.0000351
0.2847918	1.0000255
0.2850440	1.0000336
0.2852972	1.0000081
0.2855503	1.0000055
0.2858043	1.0000062
0.2860582	0.9999919
0.2863114	1.0000104
0.2865654	0.9999923
0.2868186	1.0000036
0.2870723	0.9999982
0.2873265	1.0000164
0.2875801	1.0000166
0.2878346	1.0000315
0.2880885	1.0000090
0.2883427	0.9999793
0.2885963	1.0000022
0.2888511	1.0001109
0.2891054	1.0000227
0.2893599	1.0000253
0.2896138	0.9999733
0.2898679	0.9999856
0.2901225	1.0000308
0.2903761	1.0000208
0.2906308	1.0000194
0.2908851	1.0000146
0.2911412	1.0000368
0.2913963	1.0000148
0.2916523	1.0000253
0.2919082	1.0000158
0.2921645	1.0000491
0.2924196	0.9999960
0.2926757	0.9999763
0.2929309	1.0000232
0.2931870	1.0000030
0.2934433	1.0000077
0.2937008	1.0000173
0.2939574	1.0000076
0.2942143	1.0000478
0.2944701	1.0000317
0.2947265	1.0000220
0.2949819	1.0000172
0.2952373	1.0000366
0.2954919	1.0000270
0.2957477	1.0000262
0.2960022	1.0000363
0.2962571	1.0000303
0.2965112	1.0000044
0.2967653	1.0000106
0.2970196	1.0000461
0.2972736	1.0000104
0.2975279	1.0000335
0.2977816	1.0000367
0.2980358	1.0000116
0.2982900	1.0000334
0.2985438	0.9999997
0.2987979	1.0000504
0.2990530	1.0000589
0.2993088	1.0000032
0.2995638	1.0000188
0.2998190	1.0000313
0.3000739	1.0000299
0.3003301	1.0000317
0.3005854	1.0000130
0.3008418	1.0000182
0.3010970	1.0000209
0.3013529	1.0000424
0.3016092	1.0000792
0.3018647	0.9999989
0.3021207	0.9999918
0.3023761	1.0000344
0.3026326	1.0000136
0.3028881	1.0000151
0.3031443	1.0000030
0.3033997	1.0000064
0.3036556	0.9999996
0.3039119	1.0000246
0.3041676	1.0000194
0.3044236	1.0000273
0.3046791	1.0000352
0.3049352	1.0000210
0.3051910	1.0000433
0.3054469	1.0000748
0.3057025	1.0000170
0.3059583	1.0000184
0.3062145	1.0000610
0.3064701	1.0000474
0.3067262	1.0000483
0.3069817	1.0000092
0.3072380	1.0000104
0.3074934	1.0000143
0.3077491	1.0000208
0.3080040	1.0000091
0.3082592	1.0000090
0.3085146	1.0000649
0.3087695	1.0000143
0.3090239	1.0000275
0.3092783	1.0000078
0.3095333	1.0000138
0.3097880	1.0000251
0.3100428	1.0000420
0.3102973	1.0000362
0.3105521	1.0000233
0.3108067	1.0000259
0.3110617	0.9999899
0.3113162	1.0000124
0.3115710	1.0000082
0.3118251	1.0000035
0.3120809	1.0000078
0.3123353	0.9999825
0.3125909	0.9999904
0.3128459	1.0000204
0.3131015	1.0000095
0.3133568	0.9999348
0.3136122	0.9999710
0.3138670	0.9999923
0.3141226	0.9999709
0.3143780	1.0000094
0.3146332	1.0000480
0.3148886	1.0000240
0.3151432	1.0000162
0.3153993	1.0000231
0.3156540	1.0000099
0.3159094	1.0000502
0.3161644	1.0000120
0.3164206	0.9999731
0.3166766	1.0000086
0.3169325	1.0000008
0.3171881	1.0000028
0.3174438	1.0000148
0.3177004	1.0000018
0.3179558	1.0000224
0.3182126	1.0000140
0.3184679	0.9999915
0.3187239	1.0000160
0.3189798	1.0000216
0.3192358	1.0000320
0.3194909	1.0000017
0.3197466	1.0000246
0.3200015	1.0000181
0.3202575	1.0000327
0.3205123	1.0000169
0.3207677	1.0000045
0.3210226	1.0000173
0.3212782	1.0000580
0.3215317	1.0000111
0.3217864	1.0000106
0.3220397	1.0000265
0.3222945	1.0000038
0.3225481	1.0000378
0.3228024	1.0000672
0.3230559	1.0000435
0.3233108	1.0000218
0.3235649	1.0000275
0.3238199	1.0000257
0.3240744	1.0000134
0.3243292	0.9999868
0.3245841	1.0000070
0.3248386	1.0000046
0.3250935	0.9999799
0.3253477	0.9999973
0.3256027	0.9999857
0.3258578	1.0000196
0.3261131	1.0000031
0.3263678	0.9999668
0.3266238	1.0000032
0.3268786	1.0000298
0.3271337	0.9999806
0.3273882	1.0000413
0.3276428	1.0000179
0.3278978	1.0000320
0.3281526	1.0000146
0.3284082	0.9999946
0.3286631	0.9999969
0.3289183	1.0000058
0.3291738	1.0000197
0.3294290	1.0000586
0.3296848	1.0000157
0.3299407	0.9999811
0.3301974	0.9999909
0.3304540	1.0000120
0.3307102	1.0000306
0.3309671	1.0000048
0.3312239	1.0000330
0.3314818	1.0000180
0.3317381	1.0000090
0.3319954	1.0000352
0.3322519	1.0000544
0.3325088	1.0000556
0.3327648	1.0000277
0.3330214	1.0000306
0.3332765	1.0000211
0.3335323	1.0000143
0.3337876	1.0000287
0.3340443	1.0000158
0.3342993	1.0000125
0.3345547	1.0000147
0.3348094	1.0000044
0.3350658	1.0000240
0.3353203	1.0000739
0.3355761	1.0000066
0.3358308	1.0000497
0.3360857	1.0000557
0.3363407	1.0000520
0.3365950	1.0000540
0.3368497	1.0000142
0.3371042	1.0000074
0.3373593	1.0000596
0.3376140	1.0000102
0.3378684	1.0000413
0.3381230	1.0000359
0.3383782	1.0000208
0.3386333	1.0000162
0.3388888	1.0000090
0.3391437	0.9999918
0.3393992	1.0000201
0.3396542	1.0000396
0.3399097	1.0000220
0.3401644	0.9999762
0.3404200	1.0000371
0.3406752	1.0000110
0.3409308	1.0000155
0.3411858	1.0000282
0.3414410	1.0000338
0.3416965	1.0000291
0.3419516	1.0000134
0.3422068	1.0000210
0.3424621	1.0000091
0.3427171	0.9999991
0.3429724	1.0000344
0.3432279	1.0000530
0.3434834	1.0000324
0.3437395	1.0000019
0.3439950	1.0000028
0.3442514	1.0000260
0.3445071	1.0000648
0.3447628	1.0000181
0.3450184	0.9999763
0.3452747	1.0000254
0.3455298	1.0000637
0.3457853	1.0000385
0.3460402	1.0000444
0.3462955	1.0000394
0.3465508	1.0000087
0.3468063	0.9999848
0.3470610	0.9999957
0.3473165	1.0000269
0.3475724	1.0000277
0.3478282	1.0000389
0.3480843	1.0000131
0.3483399	1.0000184
0.3485961	1.0000302
0.3488515	0.9999845
0.3491081	0.9999838
0.3493642	1.0000024
0.3496214	1.0000225
0.3498775	0.9999903
0.3501342	0.9999863
0.3503907	1.0000010
0.3506469	1.0000070
0.3509032	1.0000046
0.3511591	1.0000082
0.3514155	1.0000053
0.3516712	1.0000209
0.3519276	1.0000356
0.3521836	0.9999999
0.3524406	0.9999882
0.3526960	1.0000498
0.3529516	1.0000625
0.3532064	1.0000402
0.3534617	1.0000548
0.3537170	1.0000449
0.3539724	1.0000543
0.3542275	1.0000400
0.3544834	1.0000276
0.3547393	1.0000405
0.3549941	1.0000070
0.3552484	1.0000051
0.3555023	1.0000167
0.3557572	1.0000240
0.3560121	1.0000391
0.3562668	1.0000303
0.3565213	1.0000459
0.3567760	1.0000418
0.3570303	1.0000227
0.3572855	1.0000101
0.3575396	0.9999909
0.3577947	0.9999874
0.3580496	0.9999893
0.3583062	1.0000059
0.3585616	0.9999832
0.3588177	0.9999961
0.3590729	1.0000186
0.3593299	1.0000075
0.3595851	1.0000286
0.3598410	1.0000084
0.3600963	1.0000190
0.3603524	0.9999848
0.3606081	1.0000111
0.3608643	1.0000337
0.3611196	1.0000291
0.3613759	1.0000534
0.3616314	1.0000319
0.3618878	0.9999984
0.3621436	1.0000315
0.3623990	1.0000113
0.3626549	1.0000243
0.3629110	1.0000224
0.3631670	1.0000208
0.3634227	1.0000362
0.3636787	1.0000094
0.3639340	1.0000065
0.3641907	1.0000248
0.3644459	1.0000461
0.3647017	1.0000291
0.3649565	1.0000084
0.3652123	0.9999855
0.3654676	1.0000283
0.3657234	1.0000333
0.3659796	1.0000178
0.3662351	1.0000367
0.3664910	0.9999892
0.3667453	0.9999977
0.3670012	1.0000084
0.3672558	1.0000048
0.3675122	0.9999907
0.3677677	1.0000108
0.3680238	1.0000190
0.3682793	1.0000336
0.3685364	1.0000035
0.3687934	1.0000162
0.3690506	1.0000077
0.3693078	1.0000531
0.3695637	1.0000705
0.3698213	0.9999995
0.3700780	0.9999779
0.3703345	1.0000256
0.3705905	1.0000521
0.3708473	1.0000103
0.3711032	1.0000086
0.3713604	1.0000295
0.3716163	1.0000089
0.3718726	1.0000146
0.3721279	1.0000007
0.3723846	0.9999737
0.3726399	1.0000177
0.3728964	1.0000118
0.3731526	1.0000148
0.3734093	1.0000564
0.3736659	1.0000715
0.3739234	1.0000007
0.3741798	1.0000242
0.3744367	1.0000308
0.3746925	1.0000261
0.3749494	1.0000275
0.3752050	0.9999747
0.3754610	1.0000254
0.3757157	1.0000024
0.3759716	1.0000297
0.3762264	1.0000157
0.3764821	1.0000455
0.3767369	1.0000263
0.3769919	1.0000198
0.3772462	1.0000178
0.3775015	1.0000028
0.3777564	1.0000221
0.3780114	1.0000179
0.3782659	1.0000401
0.3785211	1.0000404
0.3787755	0.9999989
0.3790309	0.9999832
0.3792860	1.0000131
0.3795418	1.0000049
0.3797972	1.0000364
0.3800532	1.0000008
0.3803085	1.0000016
0.3805644	0.9999778
0.3808194	1.0000223
0.3810755	0.9999926
0.3813309	1.0000038
0.3815869	0.9999997
0.3818423	0.9999959
0.3820973	0.9999979
0.3823520	0.9999875
0.3826075	1.0000153
0.3828615	0.9999992
0.3831158	1.0000635
0.3833691	1.0000400
0.3836231	1.0000074
0.3838771	1.0000551
0.3841318	1.0000482
0.3843853	1.0000618
0.3846394	1.0000169
0.3848922	0.9999868
0.3851464	1.0000350
0.3853998	1.0000221
0.3856541	1.0000021
0.3859077	1.0000379
0.3861623	0.9999812
0.3864164	0.9999985
0.3866698	1.0000298
0.3869234	1.0000556
0.3871769	1.0000127
0.3874309	0.9999992
0.3876839	0.9999934
0.3879376	1.0000231
0.3881908	1.0000145
0.3884454	1.0000095
0.3886993	1.0000180
0.3889530	0.9999744
0.3892078	0.9999962
0.3894620	1.0000161
0.3897171	0.9999959
0.3899716	1.0000271
0.3902264	1.0000082
0.3904810	1.0000031
0.3907359	1.0000326
0.3909904	1.0000266
0.3912449	1.0000505
0.3914988	1.0000302
0.3917536	1.0000054
0.3920081	1.0000179
0.3922619	1.0000277
0.3925162	1.0000161
0.3927698	1.0000006
0.3930238	1.0000408
0.3932772	1.0000140
0.3935306	1.0000328
0.3937840	1.0000432
0.3940365	1.0000184
0.3942899	1.0000196
0.3945421	1.0000093
0.3947958	1.0000164
0.3950482	1.0000165
0.3953013	1.0000025
0.3955537	0.9999822
0.3958072	1.0000084
0.3960602	1.0000167
0.3963131	1.0000114
0.3965674	1.0000395
0.3968215	1.0000001
0.3970761	1.0000376
0.3973296	0.9999991
0.3975840	1.0000093
0.3978376	0.9999979
0.3980923	1.0000221
0.3983459	1.0000367
0.3986001	0.9999711
0.3988542	1.0000267
0.3991083	1.0000016
0.3993627	1.0000054
0.3996168	1.0000033
0.3998712	1.0000039
0.4001253	1.0000430
0.4003805	1.0000366
0.4006347	0.9999966
0.4008894	0.9999903
0.4011441	1.0000104
0.4013991	1.0000326
0.4016533	0.9999692
0.4019079	1.0000189
0.4021627	1.0000018
0.4024175	1.0000265
0.4026722	1.0000273
0.4029269	1.0000079
0.4031814	1.0000040
0.4034362	1.0000293
0.4036896	0.9999758
0.4039437	1.0000085
0.4041964	0.9999882
0.4044506	1.0000141
0.4047034	1.0000435
0.4049561	1.0000132
0.4052092	0.9999987
0.4054619	0.9999996
0.4057153	0.9999786
0.4059681	1.0000001
0.4062205	1.0000189
0.4064740	1.0000194
0.4067257	0.9999961
0.4069787	1.0000611
0.4072303	1.0000578
0.4074833	0.9999992
0.4077354	1.0000246
0.4079880	1.0000129
0.4082416	1.0000262
0.4084952	1.0000168
0.4087492	1.0000166
0.4090021	1.0000161
0.4092557	1.0000049
0.4095092	0.9999689
0.4097632	0.9999864
0.4100162	1.0000069
0.4102703	1.0000087
0.4105237	0.9999766
0.4107793	0.9999939
0.4110336	1.0000154
0.4112889	0.9999795
0.4115441	1.0000039
0.4117995	0.9999794
0.4120556	1.0000222
0.4123105	1.0000365
0.4125660	1.0000220
0.4128205	0.9999750
0.4130757	1.0000043
0.4133299	0.9999947
0.4135856	0.9999906
0.4138402	1.0000297
0.4140961	0.9999998
0.4143497	1.0000080
0.4146043	0.9999927
0.4148584	1.0000397
0.4151139	1.0000418
0.4153680	1.0000309
0.4156237	1.0000510
0.4158787	1.0000165
0.4161339	1.0000692
0.4163886	1.0000075
0.4166434	1.0000414
0.4168981	0.9999921
0.4171526	1.0000463
0.4174072	1.0000039
0.4176621	1.0000113
0.4179162	1.0000046
0.4181700	1.0000010
0.4184246	0.9999904
0.4186784	0.9999710
0.4189336	1.0000454
0.4191873	1.0000091
0.4194417	1.0000029
0.4196956	0.9999713
0.4199502	0.9999979
0.4202041	0.9999966
0.4204583	1.0000134
0.4207122	1.0000167
0.4209666	1.0000438
0.4212210	0.9999751
0.4214755	0.9999898
0.4217312	1.0000275
0.4219859	0.9999886
0.4222414	0.9999966
0.4224959	1.0000026
0.4227505	0.9999888
0.4230056	0.9999980
0.4232598	1.0000385
0.4235152	1.0000224
0.4237697	1.0000547
0.4240249	1.0000015
0.4242795	0.9999971
0.4245340	0.9999980
0.4247886	0.9999970
0.4250429	1.0000194
0.4252975	1.0000089
0.4255514	0.9999772
0.4258055	1.0000082
0.4260607	0.9999884
0.4263150	0.9999769
0.4265699	1.0000184
0.4268247	1.0000090
0.4270789	0.9999998
0.4273341	1.0000012
0.4275885	1.0000105
0.4278431	1.0000375
0.4280980	0.9999888
0.4283531	1.0000063
0.4286092	1.0000186
0.4288651	1.0000031
0.4291200	1.0000328
0.4293760	1.0000350
0.4296315	1.0000009
0.4298877	1.0000182
0.4301435	1.0000159
0.4303993	1.0000327
0.4306551	0.9999883
0.4309104	1.0000074
0.4311659	1.0000035
0.4314206	1.0000084
0.4316757	1.0000213
0.4319306	1.0000109
0.4321852	1.0000149
0.4324399	1.0000335
0.4326929	0.9999941
0.4329470	0.9999828
0.4332009	0.9999979
0.4334554	1.0000073
0.4337099	1.0000240
0.4339646	1.0000138
0.4342191	1.0000299
0.4344741	1.0000164
0.4347285	1.0000184
0.4349831	1.0000679
0.4352380	1.0000257
0.4354930	1.0000145
0.4357480	1.0000447
0.4360021	0.9999800
0.4362573	1.0000045
0.4365116	1.0000272
0.4367667	0.9999731
0.4370212	1.0000001
0.4372767	1.0000026
0.4375316	1.0000208
0.4377874	0.9999938
0.4380420	1.0000246
0.4382978	1.0000216
0.4385526	0.9999902
0.4388086	1.0000277
0.4390630	0.9999962
0.4393175	1.0000068
0.4395727	1.0000085
0.4398283	1.0000019
0.4400831	1.0000191
0.4403375	1.0000441
0.4405923	1.0000198
0.4408463	0.9999954
0.4411017	1.0000091
0.4413558	0.9999900
0.4416095	1.0000198
0.4418633	1.0000112
0.4421171	1.0000021
0.4423706	0.9999949
0.4426237	1.0000066
0.4428775	1.0000200
0.4431309	1.0000046
0.4433839	1.0000284
0.4436369	1.0000257
0.4438893	1.0000277
0.4441430	1.0000271
0.4443948	0.9999768
0.4446471	1.0000261
0.4448999	1.0000450
0.4451525	1.0000112
0.4454059	0.9999946
0.4456589	1.0000117
0.4459111	1.0000144
0.4461648	1.0000041
0.4464169	1.0000293
0.4466692	1.0000293
0.4469216	0.9999934
0.4471735	1.0000500
0.4474256	1.0000466
0.4476771	0.9999856
0.4479288	1.0000155
0.4481816	1.0000401
0.4484345	1.0000026
0.4486869	1.0000259
0.4489394	1.0000715
0.4491919	1.0000356
0.4494440	1.0000147
0.4496967	1.0000309
0.4499484	1.0000232
0.4502015	0.9999621
0.4504535	1.0000027
0.4507055	1.0000085
0.4509584	1.0000032
0.4512104	0.9999935
0.4514630	0.9999980
0.4517150	1.0000030
0.4519667	1.0000246
0.4522187	1.0000331
0.4524705	1.0000305
0.4527218	1.0000171
0.4529741	1.0000043
0.4532256	1.0000316
0.4534772	1.0000013
0.4537297	1.0000083
0.4539817	1.0000093
0.4542344	1.0000056
0.4544870	1.0000233
0.4547384	1.0000046
0.4549918	1.0000291
0.4552436	1.0000172
0.4554962	1.0000302
0.4557486	0.9999571
0.4560013	0.9999842
0.4562546	1.0000382
0.4565073	1.0000431
0.4567600	0.9999938
0.4570135	1.0000028
0.4572664	1.0000075
0.4575191	0.9999943
0.4577721	1.0000069
0.4580255	1.0000218
0.4582778	1.0000011
0.4585312	1.0000001
0.4587839	1.0000368
0.4590370	1.0000211
0.4592905	1.0000349
0.4595439	0.9999995
0.4597968	1.0000177
0.4600509	1.0000147
0.4603047	1.0000273
0.4605582	1.0000028
0.4608118	1.0000170
0.4610665	1.0000071
0.4613203	1.0000106
0.4615745	1.0000041
0.4618287	1.0000018
0.4620823	1.0000131
0.4623367	0.9999786
0.4625896	1.0000085
0.4628423	1.0000126
0.4630955	1.0000263
0.4633486	1.0000338
0.4636024	1.0000211
0.4638557	0.9999735
0.4641082	1.0000227
0.4643610	1.0000253
0.4646134	1.0000026
0.4648656	0.9999974
0.4651177	0.9999909
0.4653707	0.9999984
0.4656226	1.0000273
0.4658754	1.0000087
0.4661292	1.0000061
0.4663826	1.0000364
0.4666361	1.0000308
0.4668890	0.9999941
0.4671414	1.0000141
0.4673949	1.0000387
0.4676479	1.0000107
0.4679003	1.0000045
0.4681533	0.9999729
0.4684063	0.9999804
0.4686593	0.9999789
0.4689121	1.0000304
0.4691643	0.9999951
0.4694171	0.9999937
0.4696702	1.0000382
0.4699230	1.0000206
0.4701757	1.0000040
0.4704290	1.0000383
0.4706816	1.0000132
0.4709350	1.0000151
0.4711871	1.0000256
0.4714408	0.9999824
0.4716934	1.0000071
0.4719461	1.0000120
0.4721993	1.0000166
0.4724520	1.0000183
0.4727058	1.0000255
0.4729595	0.9999994
0.4732123	1.0000310
0.4734667	1.0000089
0.4737196	1.0000114
0.4739735	1.0000467
0.4742267	1.0000010
0.4744801	1.0000150
0.4747341	0.9999916
0.4749870	0.9999831
0.4752400	0.9999617
0.4754934	0.9999895
0.4757458	1.0000258
0.4759992	0.9999970
0.4762519	1.0000181
0.4765046	0.9999990
0.4767579	1.0000097
0.4770110	1.0000120
0.4772643	1.0000316
0.4775180	1.0000039
0.4777712	1.0000328
0.4780253	1.0000308
0.4782792	1.0000374
0.4785330	0.9999985
0.4787869	1.0000178
0.4790404	1.0000276
0.4792936	0.9999958
0.4795472	1.0000398
0.4798008	1.0000070
0.4800542	1.0000164
0.4803080	1.0000220
0.4805609	1.0000349
0.4808150	1.0000105
0.4810683	1.0000111
0.4813215	1.0000411
0.4815754	0.9999980
0.4818286	1.0000053
0.4820824	1.0000037
0.4823362	1.0000215
0.4825889	1.0000071
0.4828430	1.0000121
0.4830964	1.0000250
0.4833498	1.0000255
0.4836035	1.0000026
0.4838564	1.0000217
0.4841107	1.0000093
0.4843639	1.0000181
0.4846170	1.0000491
0.4848710	1.0000330
0.4851244	0.9999977
0.4853776	1.0000121
0.4856307	1.0000590
0.4858838	1.0000230
0.4861384	1.0000301
0.4863923	0.9999911
0.4866463	1.0000227
0.4869006	1.0000000
0.4871548	0.9999837
0.4874101	1.0000061
0.4876646	1.0000013
0.4879188	1.0000197
0.4881741	1.0000589
0.4884286	0.9999979
0.4886834	1.0000362
0.4889380	1.0000035
0.4891921	1.0000058
0.4894461	0.9999886
0.4896998	1.0000055
0.4899528	1.0000200
0.4902062	1.0000244
0.4904595	1.0000019
0.4907122	0.9999886
0.4909651	0.9999801
0.4912180	0.9999872
0.4914709	1.0000102
0.4917241	1.0000066
0.4919771	1.0000112
0.4922293	0.9999900
0.4924831	1.0000032
0.4927356	0.9999961
0.4929886	1.0000091
0.4932416	0.9999782
0.4934943	0.9999834
0.4937482	1.0000290
0.4940016	1.0000069
0.4942547	1.0000185
0.4945087	0.9999756
0.4947624	1.0000258
0.4950158	0.9999603
0.4952687	1.0000092
0.4955230	1.0000113
0.4957761	0.9999837
0.4960297	1.0000115
0.4962833	0.9999956
0.4965368	1.0000292
0.4967913	1.0000268
0.4970449	1.0000095
0.4972976	1.0000152
0.4975516	0.9999988
0.4978055	1.0000013
0.4980588	0.9999658
0.4983132	0.9999932
0.4985689	0.9999898
0.4988238	1.0000113
0.4990794	0.9999667
0.4993350	1.0000150
0.4995910	0.9999980
0.4998461	1.0000117
0.5001019	0.9999943
0.5003579	1.0000087
0.5006131	1.0000413
0.5008695	0.9999856
0.5011259	0.9999844
0.5013824	0.9999873
0.5016389	1.0000190
0.5018944	1.0000140
0.5021499	1.0000416
0.5024062	1.0000402
0.5026615	1.0000410
0.5029174	0.9999985
0.5031722	1.0000025
0.5034271	1.0000019
0.5036823	0.9999944
0.5039363	0.9999972
0.5041909	1.0000004
0.5044451	0.9999944
0.5046991	1.0000022
0.5049535	1.0000033
0.5052075	0.9999919
0.5054612	0.9999970
0.5057160	0.9999990
0.5059694	1.0000129
0.5062236	1.0000384
0.5064761	1.0000160
0.5067294	1.0000026
0.5069825	0.9999814
0.5072349	0.9999733
0.5074879	0.9999743
0.5077413	0.9999897
0.5079940	0.9999880
0.5082469	0.9999895
0.5085002	0.9999982
0.5087532	1.0000185
0.5090064	1.0000067
0.5092594	1.0000237
0.5095119	1.0000054
0.5097653	1.0000337
0.5100180	0.9999913
0.5102707	1.0000272
0.5105239	1.0000040
0.5107765	1.0000059
0.5110297	1.0000062
0.5112830	0.9999837
0.5115352	0.9999957
0.5117886	0.9999980
0.5120417	1.0000118
0.5122942	0.9999963
0.5125473	1.0000233
0.5127999	1.0000120
0.5130533	1.0000106
0.5133062	1.0000040
0.5135585	1.0000252
0.5138119	1.0000246
0.5140651	1.0000287
0.5143179	1.0000049
0.5145702	1.0000239
0.5148239	1.0000254
0.5150764	1.0000445
0.5153295	1.0000150
0.5155824	1.0000322
0.5158350	1.0000139
0.5160885	1.0000154
0.5163411	1.0000101
0.5165936	1.0000468
0.5168472	1.0000305
0.5170999	1.0000169
0.5173535	1.0000213
0.5176070	0.9999930
0.5178601	0.9999973
0.5181141	1.0000181
0.5183676	0.9999983
0.5186209	1.0000112
0.5188746	1.0000280
0.5191276	1.0000131
0.5193816	1.0000538
0.5196348	1.0000380
0.5198882	1.0000112
0.5201422	1.0000871
0.5203958	1.0000017
0.5206483	1.0000309
0.5209013	0.9999777
0.5211544	1.0000001
0.5214071	0.9999796
0.5216606	1.0000069
0.5219128	0.9999984
0.5221669	0.9999767
0.5224203	0.9999790
0.5226734	1.0000193
0.5229272	1.0000155
0.5231807	0.9999916
0.5234343	0.9999926
0.5236881	1.0000043
0.5239415	0.9999989
0.5241962	0.9999814
0.5244502	1.0000299
0.5247041	1.0000125
0.5249585	1.0000259
0.5252119	1.0000238
0.5254668	1.0000238
0.5257210	1.0000351
0.5259754	1.0000291
0.5262305	1.0000175
0.5264849	1.0000419
0.5267402	1.0000084
0.5269957	1.0000109
0.5272497	1.0000140
0.5275048	1.0000039
0.5277597	1.0000136
0.5280139	1.0000261
0.5282688	1.0000500
0.5285235	1.0000201
0.5287779	1.0000074
0.5290324	1.0000091
0.5292863	1.0000006
0.5295402	1.0000158
0.5297947	1.0000006
0.5300489	1.0000219
0.5303033	1.0000167
0.5305577	1.0000177
0.5308130	1.0000311
0.5310672	1.0000147
0.5313224	0.9999931
0.5315779	1.0000213
0.5318325	1.0000096
0.5320883	1.0000212
0.5323436	1.0000228
0.5325986	1.0000020
0.5328537	1.0000171
0.5331094	1.0000090
0.5333652	1.0000231
0.5336204	1.0000140
0.5338754	1.0000059
0.5341309	1.0000093
0.5343860	0.9999869
0.5346408	1.0000068
0.5348959	1.0000223
0.5351499	1.0000091
0.5354049	1.0000005
0.5356602	1.0000315
0.5359150	1.0000225
0.5361705	0.9999983
0.5364259	1.0000233
0.5366807	1.0000719
0.5369365	1.0000217
0.5371926	1.0000461
0.5374476	1.0000289
0.5377043	1.0000112
0.5379603	0.9999818
0.5382167	1.0000222
0.5384734	0.9999895
0.5387294	1.0000113
0.5389863	1.0000210
0.5392425	1.0000206
0.5394987	1.0000160
0.5397550	1.0000030
0.5400110	1.0000568
0.5402672	1.0000519
0.5405221	1.0000768
0.5407763	1.0000291
0.5410305	1.0000252
0.5412844	1.0000018
0.5415388	0.9999949
0.5417926	1.0000262
0.5420467	0.9999824
0.5423007	1.0000272
0.5425549	1.0000209
0.5428093	0.9999909
0.5430627	1.0000151
0.5433173	1.0000231
0.5435712	1.0000201
0.5438252	0.9999810
0.5440790	1.0000013
0.5443332	0.9999924
0.5445873	1.0000048
0.5448415	0.9999906
0.5450954	1.0000409
0.5453493	1.0000312
0.5456038	1.0000074
0.5458576	1.0000027
0.5461117	1.0000228
0.5463660	0.9999984
0.5466197	0.9999970
0.5468741	1.0000107
0.5471279	1.0000179
0.5473809	1.0000005
0.5476341	0.9999939
0.5478874	1.0000227
0.5481397	1.0000017
0.5483929	1.0000088
0.5486459	0.9999897
0.5488994	1.0000005
0.5491533	0.9999962
0.5494064	1.0000234
0.5496605	1.0000136
0.5499149	0.9999560
0.5501690	1.0000233
0.5504230	1.0000387
0.5506766	1.0000130
0.5509323	1.0000047
0.5511870	0.9999969
0.5514429	1.0000281
0.5516982	0.9999783
0.5519529	1.0000191
0.5522089	1.0000051
0.5524641	0.9999879
0.5527189	1.0000160
0.5529739	1.0000002
0.5532291	0.9999885
0.5534849	0.9999945
0.5537411	1.0000273
0.5539958	0.9999977
0.5542514	1.0000533
0.5545067	0.9999858
0.5547617	1.0000368
0.5550176	1.0000374
0.5552724	1.0000156
0.5555280	1.0000577
0.5557831	1.0000363
0.5560386	0.9999869
0.5562938	1.0000238
0.5565503	1.0000196
0.5568061	1.0000392
0.5570621	1.0000244
0.5573181	0.9999672
0.5575732	0.9999672
0.5578298	0.9999952
0.5580857	1.0000139
0.5583423	0.9999943
0.5585982	0.9999865
0.5588550	1.0000049
0.5591108	0.9999721
0.5593677	1.0000212
0.5596240	1.0000109
0.5598802	1.0000434
0.5601372	0.9999933
0.5603932	0.9999935
0.5606505	0.9999977
0.5609073	1.0000215
0.5611643	1.0000459
0.5614209	1.0000459
0.5616779	1.0000322
0.5619340	1.0000454
0.5621904	1.0000375
0.5624464	1.0000136
0.5627014	1.0000120
0.5629577	1.0000106
0.5632130	1.0000081
0.5634689	1.0000189
0.5637249	1.0000083
0.5639807	1.0000164
0.5642370	0.9999887
0.5644921	1.0000040
0.5647472	0.9999959
0.5650026	1.0000090
0.5652580	1.0000069
0.5655136	0.9999930
0.5657688	0.9999669
0.5660249	0.9999985
0.5662807	0.9999794
0.5665368	0.9999739
0.5667933	1.0000291
0.5670491	1.0000270
0.5673060	1.0000285
0.5675627	1.0000293
0.5678195	1.0000406
0.5680769	1.0000050
0.5683336	1.0000393
0.5685899	1.0000132
0.5688468	0.9999774
0.5691030	1.0000081
0.5693594	0.9999985
0.5696161	1.0000141
0.5698718	0.9999827
0.5701285	1.0000347
0.5703851	1.0000528
0.5706411	1.0000178
0.5708975	1.0000267
0.5711544	1.0000293
0.5714096	1.0000109
0.5716652	1.0000212
0.5719206	1.0000070
0.5721759	1.0000069
0.5724322	1.0000102
0.5726882	1.0000028
0.5729437	1.0000046
0.5732003	1.0000498
0.5734571	1.0000083
0.5737127	1.0000435
0.5739689	1.0000118
0.5742245	1.0000450
0.5744799	1.0000459
0.5747361	1.0000353
0.5749918	1.0000067
0.5752474	0.9999940
0.5755028	0.9999790
0.5757587	0.9999980
0.5760153	1.0000322
0.5762712	1.0000019
0.5765278	1.0000262
0.5767843	1.0000369
0.5770403	1.0000006
0.5772954	1.0000079
0.5775509	1.0000164
0.5778055	1.0000171
0.5780603	1.0000231
0.5783151	1.0000426
0.5785698	1.0000330
0.5788245	1.0000025
0.5790789	0.9999979
0.5793334	1.0000033
0.5795873	1.0000114
0.5798415	0.9999951
0.5800955	1.0000926
0.5803484	1.0000028
0.5806020	0.9999889
0.5808556	1.0000330
0.5811089	0.9999918
0.5813627	1.0000038
0.5816165	1.0000076
0.5818698	0.9999997
0.5821223	1.0000103
0.5823752	1.0000191
0.5826285	0.9999895
0.5828814	0.9999992
0.5831341	1.0000008
0.5833867	1.0000035
0.5836400	0.9999753
0.5838931	0.9999624
0.5841458	0.9999494
0.5843982	1.0000152
0.5846504	0.9999745
0.5849033	1.0000326
0.5851551	1.0000357
0.5854074	1.0000035
0.5856601	0.9999875
0.5859121	0.9999916
0.5861650	1.0000221
0.5864188	1.0000154
0.5866734	0.9999828
0.5869274	1.0000025
0.5871810	1.0000181
0.5874353	1.0000045
0.5876897	1.0000168
0.5879437	0.9999925
0.5881980	1.0000749
0.5884515	1.0000474
0.5887066	0.9999969
0.5889614	1.0000292
0.5892161	1.0000334
0.5894704	0.9999868
0.5897246	0.9999909
0.5899793	1.0000000
0.5902324	1.0000166
0.5904847	0.9999666
0.5907381	1.0000367
0.5909914	0.9999946
0.5912448	1.0000494
0.5914983	1.0000495
0.5917513	1.0000101
0.5920053	1.0000237
0.5922582	1.0000139
0.5925103	1.0000306
0.5927624	1.0000163
0.5930155	0.9999835
0.5932686	1.0000283
0.5935214	0.9999972
0.5937741	0.9999995
0.5940271	1.0000023
0.5942804	1.0000232
0.5945333	1.0000166
0.5947864	0.9999998
0.5950399	1.0000318
0.5952933	1.0000565
0.5955471	1.0000122
0.5958007	1.0000255
0.5960544	0.9999767
0.5963084	1.0000140
0.5965623	1.0000152
0.5968161	1.0000013
0.5970715	1.0000166
0.5973270	1.0000188
0.5975818	1.0000242
0.5978375	1.0000197
0.5980936	1.0000057
0.5983486	1.0000096
0.5986043	1.0000168
0.5988603	0.9999893
0.5991158	1.0000107
0.5993726	1.0000123
0.5996283	1.0000050
0.5998847	1.0000083
0.6001400	0.9999889
0.6003948	1.0000097
0.6006506	0.9999849
0.6009061	0.9999631
0.6011610	0.9999903
0.6014153	1.0000284
0.6016703	0.9999930
0.6019247	0.9999959
0.6021794	0.9999972
0.6024343	1.0000118
0.6026872	1.0000017
0.6029411	1.0000292
0.6031948	0.9999827
0.6034480	1.0000199
0.6037018	0.9999966
0.6039569	1.0000302
0.6042119	1.0000273
0.6044670	0.9999897
0.6047217	1.0000261
0.6049775	0.9999878
0.6052325	1.0000057
0.6054876	1.0000006
0.6057427	1.0000156
0.6059971	0.9999985
0.6062517	1.0000005
0.6065074	1.0000089
0.6067627	1.0000161
0.6070175	1.0000000
0.6072726	1.0000207
0.6075273	0.9999929
0.6077822	1.0000043
0.6080371	1.0000054
0.6082920	1.0000184
0.6085479	1.0000013
0.6088027	1.0000054
0.6090580	1.0000177
0.6093134	1.0000330
0.6095682	1.0000281
0.6098232	1.0000279
0.6100781	1.0000046
0.6103323	0.9999993
0.6105872	1.0000107
0.6108422	1.0000018
0.6110963	1.0000071
0.6113501	1.0000354
0.6116039	1.0000442
0.6118585	1.0000644
0.6121121	1.0000307
0.6123665	0.9999944
0.6126200	1.0000188
0.6128725	1.0000097
0.6131261	1.0000020
0.6133789	0.9999804
0.6136320	1.0000113
0.6138847	1.0000040
0.6141382	1.0000167
0.6143919	1.0000150
0.6146444	1.0000353
0.6148976	1.0000196
0.6151503	1.0000081
0.6154032	0.9999939
0.6156562	1.0000014
0.6159092	0.9999838
0.6161621	1.0000111
0.6164150	1.0000218
0.6166677	0.9999920
0.6169212	1.0000230
0.6171742	1.0000236
0.6174273	1.0000247
0.6176803	1.0000223
0.6179346	1.0000237
0.6181893	1.0000031
0.6184441	0.9999799
0.6186990	1.0000414
0.6189544	0.9999944
0.6192105	0.9999772
0.6194665	0.9999789
0.6197225	1.0000295
0.6199777	1.0000323
0.6202340	1.0000108
0.6204904	1.0000053
0.6207471	1.0000212
0.6210035	1.0000024
0.6212595	1.0000139
0.6215149	1.0000149
0.6217702	0.9999941
0.6220247	1.0000041
0.6222793	1.0000050
0.6225334	1.0000080
0.6227872	1.0000056
0.6230418	1.0000147
0.6232956	0.9999863
0.6235498	1.0000135
0.6238044	1.0000592
0.6240593	0.9999956
0.6243146	1.0000011
0.6245696	0.9999748
0.6248247	1.0000151
0.6250802	1.0000046
0.6253353	1.0000158
0.6255909	1.0000146
0.6258457	1.0000277
0.6261011	0.9999985
0.6263573	1.0000329
0.6266132	0.9999939
0.6268683	0.9999858
0.6271248	1.0000233
0.6273808	1.0000141
0.6276368	1.0000130
0.6278926	1.0000342
0.6281479	1.0000129
0.6284044	1.0000081
0.6286602	1.0000246
0.6289157	0.9999873
0.6291718	0.9999983
0.6294283	1.0000132
0.6296849	1.0000138
0.6299409	1.0000359
0.6301966	1.0000512
0.6304529	0.9999899
0.6307093	1.0000402
0.6309647	1.0000228
0.6312211	1.0000300
0.6314769	1.0000311
0.6317324	1.0000118
0.6319882	1.0000163
0.6322437	1.0000214
0.6324987	1.0000143
0.6327532	1.0000283
0.6330077	0.9999741
0.6332635	1.0000151
0.6335195	0.9999973
0.6337747	0.9999909
0.6340297	1.0000100
0.6342853	1.0000203
0.6345405	1.0000116
0.6347955	1.0000170
0.6350492	1.0000054
0.6353032	1.0000376
0.6355571	0.9999767
0.6358113	1.0000244
0.6360654	1.0000069
0.6363199	0.9999934
0.6365746	1.0000142
0.6368295	0.9999927
0.6370844	1.0000279
0.6373396	1.0000199
0.6375955	0.9999661
0.6378505	0.9999864
0.6381058	0.9999728
0.6383609	0.9999995
0.6386161	1.0000219
0.6388713	1.0000340
0.6391262	1.0000315
0.6393815	1.0000499
0.6396365	0.9999770
0.6398919	0.9999920
0.6401462	1.0000156
0.6404001	1.0000202
0.6406541	1.0000105
0.6409087	1.0000215
0.6411622	1.0000265
0.6414169	1.0000445
0.6416708	1.0000376
0.6419242	1.0000057
0.6421788	1.0000145
0.6424323	0.9999916
0.6426857	0.9999965
0.6429388	1.0000063
0.6431927	1.0000168
0.6434463	0.9999809
0.6436993	1.0000392
0.6439529	1.0000454
0.6442070	1.0000364
0.6444604	1.0000472
0.6447142	1.0000369
0.6449680	1.0000074
0.6452224	1.0000274
0.6454763	1.0000007
0.6457305	1.0000104
0.6459842	1.0000150
0.6462371	1.0000172
0.6464908	0.9999990
0.6467440	0.9999990
0.6469971	1.0000115
0.6472507	1.0000289
0.6475042	1.0000018
0.6477581	0.9999933
0.6480114	0.9999889
0.6482644	0.9999972
0.6485182	1.0000025
0.6487715	1.0000063
0.6490252	1.0000081
0.6492786	1.0000582
0.6495317	0.9999661
0.6497859	1.0000062
0.6500391	1.0000261
0.6502927	1.0000515
0.6505466	1.0000611
0.6507995	1.0000337
0.6510522	0.9999908
0.6513047	0.9999951
0.6515583	1.0000595
0.6518107	1.0000382
0.6520627	1.0000029
0.6523152	1.0000353
0.6525679	1.0000133
0.6528201	1.0000262
0.6530721	0.9999791
0.6533247	1.0000111
0.6535775	1.0000250
0.6538297	0.9999858
0.6540819	0.9999808
0.6543337	1.0000291
0.6545867	1.0000158
0.6548389	0.9999877
0.6550908	1.0000400
0.6553433	1.0000055
0.6555962	1.0000290
0.6558490	1.0000093
0.6561015	0.9999906
0.6563548	0.9999989
0.6566081	1.0000083
0.6568609	1.0000008
0.6571136	0.9999795
0.6573661	0.9999820
0.6576196	1.0000082
0.6578722	1.0000071
0.6581250	1.0000051
0.6583781	1.0000248
0.6586310	1.0000030
0.6588842	0.9999963
0.6591367	1.0000068
0.6593892	1.0000082
0.6596420	0.9999970
0.6598942	1.0000228
0.6601463	1.0000455
0.6603985	1.0000121
0.6606519	1.0000042
0.6609045	0.9999715
0.6611577	0.9999927
0.6614113	0.9999854
0.6616646	1.0000023
0.6619175	1.0000308
0.6621702	0.9999825
0.6624232	1.0000187
0.6626771	1.0000039
0.6629304	1.0000172
0.6631839	1.0000039
0.6634376	1.0000324
0.6636917	1.0000324
0.6639451	0.9999975
0.6641987	1.0000270
0.6644523	1.0000303
0.6647052	1.0000252
0.6649595	1.0000086
0.6652132	1.0000318
0.6654666	1.0000273
0.6657199	1.0000210
0.6659735	1.0000123
0.6662275	1.0000306
0.6664811	1.0000175
0.6667343	1.0000112
0.6669885	0.9999904
0.6672426	0.9999864
0.6674974	1.0000235
0.6677515	1.0000035
0.6680065	0.9999840
0.6682625	0.9999872
0.6685181	0.9999949
0.6687734	0.9999818
0.6690293	1.0000079
0.6692841	0.9999926
0.6695395	0.9999962
0.6697938	0.9999914
0.6700471	1.0000342
0.6703013	1.0000306
0.6705545	1.0000132
0.6708081	0.9999966
0.6710624	0.9999957
0.6713160	1.0000188
0.6715701	1.0000457
0.6718237	1.0000104
0.6720766	1.0000211
0.6723307	1.0000326
0.6725844	1.0000451
0.6728384	1.0000729
0.6730920	1.0000211
0.6733471	1.0000149
0.6736015	1.0000176
0.6738562	1.0000318
0.6741110	1.0000126
0.6743644	1.0000389
0.6746190	1.0000268
0.6748733	1.0000239
0.6751268	1.0000314
0.6753812	1.0000340
0.6756354	1.0000429
0.6758887	1.0000422
0.6761424	1.0000423
0.6763956	1.0000382
0.6766478	1.0000338
0.6769008	1.0000142
0.6771532	1.0000315
0.6774060	0.9999793
0.6776595	1.0000173
0.6779127	1.0000161
0.6781663	1.0000210
0.6784193	0.9999964
0.6786719	1.0000251
0.6789251	0.9999973
0.6791785	1.0000084
0.6794305	1.0000037
0.6796840	1.0000223
0.6799367	1.0000082
0.6801894	1.0000241
0.6804419	1.0000125
0.6806940	1.0000141
0.6809467	1.0000356
0.6811993	0.9999989
0.6814512	0.9999747
0.6817038	1.0000013
0.6819563	1.0000331
0.6822089	0.9999862
0.6824603	1.0000111
0.6827134	0.9999823
0.6829654	0.9999841
0.6832176	1.0000128
0.6834701	1.0000067
0.6837221	1.0000188
0.6839753	0.9999998
0.6842283	1.0000299
0.6844807	1.0000023
0.6847341	1.0000129
0.6849871	0.9999987
0.6852400	1.0000277
0.6854924	1.0000004
0.6857463	1.0000262
0.6859994	1.0000321
0.6862532	1.0000155
0.6865063	1.0000298
0.6867598	1.0000131
0.6870139	1.0000150
0.6872669	1.0000245
0.6875204	1.0000077
0.6877743	1.0000259
0.6880275	1.0000032
0.6882822	1.0000248
0.6885360	1.0000073
0.6887897	1.0000387
0.6890443	1.0000088
0.6892976	1.0000221
0.6895510	1.0000231
0.6898047	1.0000080
0.6900582	1.0000030
0.6903129	0.9999976
0.6905669	1.0000127
0.6908208	1.0000131
0.6910750	1.0000522
0.6913292	1.0000132
0.6915837	1.0000231
0.6918370	1.0000204
0.6920914	1.0000191
0.6923451	1.0000002
0.6925982	1.0000379
0.6928518	1.0000098
0.6931054	0.9999949
0.6933588	0.9999837
0.6936135	1.0000033
0.6938681	0.9999946
0.6941229	1.0000236
0.6943774	0.9999976
0.6946324	1.0000355
0.6948867	1.0000297
0.6951399	0.9999821
0.6953946	1.0000100
0.6956490	1.0000462
0.6959032	1.0000023
0.6961580	1.0000246
0.6964129	1.0000059
0.6966674	1.0000264
0.6969226	1.0000060
0.6971770	1.0000304
0.6974321	1.0000502
0.6976864	0.9999710
0.6979404	1.0000375
0.6981944	1.0000044
0.6984483	0.9999733
0.6987023	0.9999994
0.6989561	1.0000271
0.6992098	1.0000483
0.6994633	0.9999846
0.6997162	1.0000180
0.6999703	0.9999964
0.7002240	0.9999910
0.7004771	0.9999809
0.7007308	0.9999681
0.7009843	0.9999972
0.7012389	1.0000180
0.7014925	1.0000143
0.7017460	1.0000130
0.7019999	1.0000496
0.7022535	1.0000306
0.7025065	1.0000211
0.7027600	1.0000232
0.7030138	1.0000040
0.7032674	1.0000014
0.7035206	1.0000226
0.7037742	0.9999895
0.7040279	1.0000025
0.7042816	1.0000198
0.7045347	1.0000065
0.7047867	1.0000220
0.7050402	0.9999879
0.7052932	0.9999793
0.7055456	1.0000378
0.7057992	1.0000192
0.7060537	0.9999901
0.7063076	1.0000013
0.7065621	0.9999768
0.7068172	0.9999967
0.7070729	1.0000187
0.7073277	1.0000251
0.7075837	1.0000255
0.7078394	1.0000108
0.7080951	1.0000167
0.7083515	1.0000335
0.7086081	1.0000005
0.7088648	1.0000024
0.7091207	1.0000003
0.7093767	0.9999570
0.7096324	0.9999927
0.7098878	1.0000136
0.7101428	1.0000031
0.7103976	1.0000068
0.7106527	1.0000194
0.7109071	1.0000188
0.7111613	1.0000242
0.7114147	1.0000165
0.7116690	0.9999859
0.7119226	0.9999782
0.7121757	0.9999960
0.7124293	1.0000533
0.7126830	1.0000160
0.7129362	1.0000485
0.7131908	1.0000316
0.7134448	1.0000095
0.7136984	1.0000451
0.7139517	1.0000230
0.7142056	1.0000061
0.7144591	1.0000284
0.7147121	1.0000054
0.7149658	1.0000277
0.7152195	1.0000185
0.7154727	1.0000294
0.7157261	1.0000190
0.7159798	1.0000216
0.7162335	0.9999951
0.7164867	1.0000118
0.7167402	1.0000083
0.7169949	1.0000138
0.7172489	1.0000220
0.7175029	1.0000165
0.7177568	1.0000257
0.7180108	1.0000309
0.7182649	1.0000323
0.7185191	1.0000026
0.7187732	1.0000213
0.7190269	0.9999786
0.7192814	1.0000151
0.7195363	0.9999758
0.7197907	0.9999810
0.7200453	1.0000102
0.7203005	1.0000011
0.7205553	1.0000381
0.7208098	1.0000389
0.7210643	0.9999887
0.7213194	1.0000053
0.7215740	1.0000202
0.7218278	1.0000432
0.7220824	1.0000463
0.7223372	1.0000506
0.7225913	1.0000466
0.7228460	1.0000635
0.7231001	1.0000378
0.7233538	1.0000426
0.7236081	1.0000463
0.7238623	1.0000030
0.7241168	1.0000267
0.7243701	0.9999877
0.7246245	1.0000095
0.7248793	1.0000070
0.7251335	1.0000075
0.7253884	1.0000365
0.7256435	1.0000030
0.7258983	0.9999947
0.7261542	1.0000018
0.7264093	1.0000119
0.7266641	1.0000239
0.7269201	1.0000253
0.7271753	1.0000038
0.7274305	1.0000219
0.7276857	0.9999824
0.7279408	1.0000207
0.7281956	0.9999885
0.7284505	0.9999955
0.7287048	0.9999995
0.7289595	1.0000400
0.7292146	0.9999952
0.7294695	0.9999891
0.7297251	1.0000397
0.7299804	1.0000012
0.7302353	0.9999923
0.7304908	1.0000331
0.7307464	0.9999991
0.7310016	1.0000310
0.7312558	0.9999906
0.7315116	1.0000332
0.7317665	1.0000159
0.7320220	0.9999914
0.7322772	1.0000123
0.7325319	1.0000383
0.7327871	1.0000726
0.7330418	1.0000419
0.7332960	1.0000498
0.7335510	0.9999992
0.7338060	0.9999945
0.7340604	1.0000010
0.7343153	1.0000193
0.7345698	1.0000385
0.7348227	1.0000335
0.7350767	1.0000481
0.7353303	0.9999870
0.7355834	1.0000553
0.7358368	1.0000346
0.7360907	1.0000169
0.7363444	0.9999945
0.7365972	1.0000185
0.7368513	1.0000163
0.7371049	1.0000402
0.7373586	1.0000199
0.7376117	1.0000445
0.7378657	1.0000041
0.7381202	0.9999875
0.7383739	1.0000056
0.7386281	0.9999995
0.7388822	1.0000201
0.7391362	1.0000091
0.7393905	1.0000322
0.7396446	1.0000287
0.7398986	1.0000060
0.7401535	0.9999931
0.7404080	1.0000524
0.7406631	1.0000128
0.7409185	1.0000332
0.7411728	1.0000022
0.7414278	1.0000121
0.7416826	1.0000386
0.7419370	1.0000191
0.7421915	0.9999988
0.7424464	1.0000103
0.7427013	1.0000015
0.7429557	0.9999978
0.7432109	0.9999880
0.7434674	1.0000066
0.7437224	1.0000097
0.7439779	0.9999971
0.7442329	1.0000155
0.7444882	1.0000350
0.7447446	1.0000080
0.7450023	1.0000167
0.7452598	0.9999930
0.7455173	0.9999946
0.7457752	1.0000362
0.7460327	1.0000243
0.7462915	1.0000053
0.7465507	0.9999976
0.7468092	1.0000164
0.7470674	1.0000303
0.7473269	0.9999792
0.7475849	1.0000143
0.7478434	1.0000353
0.7481018	1.0000138
0.7483582	1.0000242
0.7486147	1.0000261
0.7488715	1.0000262
0.7491274	1.0000355
0.7493843	1.0000363
0.7496404	1.0000136
0.7498968	1.0000293
0.7501535	0.9999823
0.7504101	1.0000261
0.7506672	0.9999944
0.7509239	1.0000045
0.7511804	0.9999740
0.7514371	0.9999710
0.7516939	1.0000154
0.7519499	1.0000164
0.7522063	0.9999885
0.7524622	1.0000279
0.7527181	1.0000091
0.7529741	1.0000282
0.7532292	0.9999755
0.7534843	0.9999761
0.7537399	0.9999845
0.7539953	1.0000214
0.7542499	1.0000139
0.7545047	1.0000167
0.7547593	0.9999991
0.7550131	1.0000344
0.7552673	1.0000300
0.7555212	1.0000182
0.7557750	1.0000181
0.7560294	1.0000373
0.7562842	1.0000160
0.7565392	1.0000194
0.7567943	1.0000087
0.7570500	1.0000287
0.7573060	1.0000485
0.7575615	0.9999993
0.7578173	0.9999894
0.7580737	1.0000167
0.7583296	0.9999929
0.7585847	1.0000091
0.7588398	1.0000271
0.7590950	1.0000370
0.7593502	1.0000311
0.7596048	1.0000069
0.7598597	1.0000280
0.7601143	1.0000509
0.7603678	1.0000205
0.7606225	1.0000266
0.7608768	1.0000538
0.7611303	1.0000050
0.7613847	1.0000178
0.7616390	1.0000150
0.7618933	1.0000323
0.7621469	1.0000229
0.7624009	0.9999888
0.7626558	1.0000236
0.7629101	0.9999781
0.7631653	0.9999873
0.7634203	1.0000059
0.7636756	0.9999919
0.7639321	1.0000136
0.7641877	1.0000557
0.7644432	0.9999828
0.7646997	0.9999991
0.7649551	1.0000153
0.7652113	0.9999793
0.7654675	0.9999844
0.7657226	1.0000145
0.7659794	1.0000050
0.7662355	1.0000166
0.7664920	1.0000006
0.7667487	1.0000182
0.7670055	0.9999881
0.7672629	1.0000249
0.7675195	1.0000245
0.7677771	1.0000154
0.7680342	0.9999939
0.7682917	1.0000284
0.7685499	0.9999788
0.7688070	0.9999915
0.7690655	1.0000197
0.7693244	1.0000130
0.7695836	1.0000063
0.7698414	0.9999893
0.7700999	1.0000201
0.7703575	1.0000037
0.7706158	1.0000372
0.7708740	1.0000223
0.7711320	1.0000489
0.7713906	1.0000199
0.7716482	1.0000371
0.7719067	1.0000428
0.7721640	1.0000509
0.7724215	1.0000117
0.7726791	1.0000149
0.7729359	1.0000024
0.7731930	1.0000131
0.7734501	1.0000197
0.7737066	0.9999848
0.7739641	1.0000029
0.7742209	1.0000112
0.7744769	1.0000244
0.7747336	1.0000288
0.7749900	1.0000240
0.7752467	1.0000165
0.7755043	1.0000153
0.7757613	1.0000289
0.7760177	1.0000151
0.7762754	1.0000460
0.7765332	1.0000070
0.7767906	0.9999782
0.7770484	1.0000103
0.7773053	1.0000341
0.7775623	0.9999763
0.7778200	0.9999942
0.7780778	0.9999737
0.7783354	1.0000091
0.7785934	1.0000180
0.7788518	1.0000017
0.7791103	0.9999788
0.7793682	0.9999854
0.7796267	1.0000309
0.7798848	1.0000314
0.7801433	1.0000004
0.7804013	1.0000028
0.7806595	1.0000332
0.7809176	0.9999911
0.7811749	0.9999779
0.7814314	1.0000438
0.7816885	1.0000244
0.7819454	1.0000470
0.7822027	1.0000463
0.7824592	0.9999982
0.7827164	0.9999814
0.7829735	1.0000245
0.7832315	1.0000118
0.7834892	0.9999888
0.7837472	1.0000067
0.7840055	0.9999785
0.7842642	1.0000300
0.7845227	1.0000175
0.7847814	0.9999916
0.7850402	0.9999934
0.7852985	0.9999904
0.7855569	1.0000245
0.7858150	1.0000293
0.7860733	1.0000313
0.7863321	1.0000441
0.7865905	1.0000145
0.7868480	1.0000036
0.7871050	1.0000400
0.7873626	1.0000249
0.7876199	1.0000077
0.7878768	1.0000000
0.7881345	1.0000217
0.7883924	1.0000048
0.7886501	0.9999940
0.7889080	0.9999884
0.7891651	0.9999973
0.7894226	0.9999743
0.7896808	1.0000005
0.7899381	1.0000020
0.7901957	0.9999669
0.7904535	1.0000259
0.7907112	1.0000356
0.7909685	1.0000204
0.7912264	1.0000214
0.7914843	1.0000436
0.7917416	1.0000274
0.7919981	1.0000082
0.7922556	1.0000307
0.7925127	0.9999847
0.7927700	0.9999956
0.7930267	0.9999779
0.7932834	1.0000084
0.7935413	1.0000028
0.7937992	0.9999211
0.7940580	0.9999890
0.7943171	0.9999826
0.7945753	1.0000200
0.7948335	1.0000180
0.7950934	1.0000529
0.7953531	1.0000289
0.7956123	1.0000264
0.7958716	0.9999992
0.7961321	1.0000004
0.7963918	1.0000074
0.7966520	1.0000215
0.7969120	1.0000310
0.7971713	1.0000075
0.7974305	1.0000227
0.7976893	1.0000138
0.7979473	1.0000180
0.7982058	1.0000140
0.7984638	1.0000280
0.7987210	1.0000687
0.7989788	1.0000340
0.7992368	1.0000136
0.7994941	1.0000160
0.7997509	1.0000274
0.8000071	1.0000308
0.8002639	1.0000351
0.8005202	1.0000069
0.8007767	1.0000066
0.8010334	1.0000428
0.8012897	1.0000162
0.8015457	1.0000260
0.8018024	1.0000075
0.8020590	1.0000088
0.8023154	1.0000032
0.8025715	0.9999950
0.8028289	0.9999963
0.8030871	1.0000503
0.8033453	1.0000010
0.8036033	0.9999942
0.8038615	1.0000102
0.8041202	1.0000478
0.8043782	1.0000072
0.8046365	1.0000225
0.8048951	1.0000499
0.8051532	1.0000305
0.8054109	1.0000024
0.8056704	1.0000245
0.8059299	1.0000318
0.8061899	1.0000260
0.8064493	1.0000001
0.8067090	1.0000211
0.8069691	1.0000216
0.8072282	1.0000040
0.8074882	1.0000385
0.8077478	1.0000252
0.8080067	1.0000082
0.8082667	0.9999760
0.8085272	1.0000008
0.8087868	0.9999887
0.8090469	1.0000021
0.8093073	0.9999375
0.8095668	1.0000339
0.8098271	0.9999973
0.8100859	1.0000033
0.8103454	1.0000456
0.8106051	1.0000027
0.8108639	0.9999985
0.8111227	0.9999729
0.8113811	1.0000018
0.8116388	0.9999974
0.8118977	0.9999864
0.8121557	1.0000272
0.8124128	1.0000309
0.8126708	1.0000029
0.8129295	1.0000162
0.8131873	1.0000277
0.8134450	0.9999729
0.8137026	1.0000090
0.8139596	1.0000382
0.8142167	1.0000103
0.8144740	1.0000247
0.8147308	1.0000170
0.8149877	1.0000138
0.8152450	1.0000029
0.8155017	1.0000218
0.8157591	1.0000229
0.8160164	1.0000166
0.8162729	1.0000331
0.8165293	0.9999946
0.8167861	0.9999935
0.8170432	1.0000233
0.8173001	1.0000046
0.8175568	0.9999984
0.8178141	1.0000485
0.8180708	0.9999797
0.8183276	1.0000276
0.8185846	1.0000233
0.8188409	1.0000313
0.8190976	1.0000112
0.8193535	1.0000098
0.8196105	1.0000121
0.8198669	1.0000281
0.8201232	1.0000438
0.8203800	1.0000335
0.8206363	1.0000312
0.8208926	1.0000294
0.8211483	1.0000181
0.8214047	1.0000392
0.8216601	1.0000359
0.8219164	1.0000196
0.8221724	1.0000390
0.8224285	0.9999861
0.8226848	1.0000224
0.8229416	1.0000513
0.8231981	1.0000026
0.8234543	1.0000336
0.8237106	0.9999782
0.8239677	1.0000045
0.8242238	1.0000012
0.8244805	1.0000113
0.8247370	0.9999911
0.8249932	1.0000244
0.8252494	1.0000223
0.8255062	0.9999798
0.8257627	1.0000085
0.8260192	0.9999977
0.8262764	1.0000047
0.8265335	1.0000091
0.8267904	0.9999909
0.8270479	1.0000224
0.8273048	1.0000044
0.8275614	1.0000108
0.8278190	0.9999886
0.8280762	1.0000181
0.8283335	0.9999990
0.8285910	0.9999990
0.8288485	1.0000364
0.8291044	1.0000153
0.8293613	1.0000103
0.8296179	1.0001217
0.8298739	1.0000116
0.8301304	1.0000544
0.8303872	1.0000152
0.8306434	1.0000428
0.8308999	0.9999793
0.8311563	1.0000463
0.8314135	1.0000107
0.8316696	0.9999808
0.8319264	1.0000349
0.8321831	1.0000393
0.8324391	1.0000337
0.8326954	1.0000026
0.8329522	1.0000036
0.8332085	1.0000173
0.8334646	1.0000029
0.8337214	1.0000044
0.8339784	1.0000032
0.8342353	0.9999966
0.8344928	0.9999823
0.8347497	0.9999977
0.8350067	0.9999876
0.8352642	1.0000308
0.8355213	0.9999727
0.8357786	1.0000378
0.8360352	0.9999991
0.8362921	1.0000390
0.8365494	0.9999969
0.8368067	1.0000181
0.8370644	1.0000108
0.8373221	0.9999822
0.8375788	1.0000190
0.8378356	1.0000236
0.8380930	1.0000054
0.8383503	0.9999872
0.8386068	0.9999914
0.8388641	1.0000167
0.8391215	1.0000412
0.8393787	1.0000289
0.8396354	1.0000337
0.8398924	0.9999955
0.8401490	1.0000106
0.8404053	0.9999984
0.8406625	1.0000261
0.8409196	1.0000170
0.8411765	1.0000094
0.8414334	1.0000023
0.8416902	1.0000228
0.8419478	1.0000004
0.8422045	1.0000411
0.8424606	1.0000173
0.8427170	1.0000060
0.8429737	1.0000161
0.8432307	0.9999704
0.8434881	1.0000230
0.8437452	1.0000037
0.8440027	1.0000028
0.8442601	1.0000120
0.8445169	0.9999947
0.8447738	1.0000098
0.8450309	0.9999822
0.8452876	0.9999934
0.8455435	1.0000102
0.8458007	0.9999971
0.8460571	0.9999709
0.8463130	0.9999971
0.8465694	0.9999843
0.8468259	0.9999936
0.8470823	0.9999838
0.8473384	1.0000306
0.8475944	1.0000375
0.8478497	1.0000095
0.8481060	1.0000080
0.8483620	0.9999888
0.8486172	1.0000425
0.8488733	0.9999889
0.8491301	1.0000067
0.8493863	1.0000254
0.8496423	1.0000444
0.8498983	1.0000587
0.8501540	1.0000292
0.8504095	1.0000624
0.8506653	1.0000011
0.8509203	1.0000191
0.8511750	1.0000139
0.8514308	1.0000496
0.8516861	1.0000101
0.8519416	1.0000412
0.8521980	1.0000237
0.8524545	1.0000272
0.8527107	1.0000051
0.8529678	1.0000216
0.8532240	1.0000026
0.8534801	0.9999973
0.8537372	0.9999814
0.8539934	0.9999511
0.8542500	0.9999870
0.8545071	0.9999925
0.8547639	0.9999809
0.8550209	0.9999990
0.8552782	1.0000000
0.8555350	0.9999790
0.8557919	0.9999927
0.8560487	0.9999805
0.8563051	1.0000367
0.8565616	0.9999990
0.8568186	1.0000211
0.8570755	1.0000203
0.8573326	1.0000275
0.8575911	1.0000337
0.8578492	1.0000414
0.8581065	1.0000321
0.8583636	1.0000245
0.8586204	1.0000258
0.8588775	0.9999867
0.8591349	0.9999923
0.8593915	0.9999981
0.8596486	1.0000098
0.8599059	1.0000296
0.8601617	1.0000106
0.8604188	1.0000414
0.8606751	1.0000139
0.8609303	1.0000381
0.8611868	0.9999750
0.8614428	0.9999806
0.8616983	0.9999977
0.8619544	1.0000176
0.8622102	0.9999842
0.8624655	0.9999963
0.8627218	0.9999949
0.8629778	0.9999940
0.8632336	1.0000213
0.8634903	0.9999947
0.8637467	1.0000068
0.8640032	1.0000229
0.8642601	0.9999823
0.8645169	0.9999962
0.8647737	1.0000159
0.8650312	1.0000144
0.8652885	1.0000031
0.8655452	1.0000177
0.8658021	0.9999971
0.8660593	0.9999810
0.8663165	0.9999885
0.8665744	0.9999888
0.8668311	1.0000009
0.8670873	0.9999870
0.8673443	1.0000429
0.8676013	1.0000046
0.8678580	0.9999802
0.8681141	1.0000252
0.8683705	0.9999844
0.8686276	1.0000209
0.8688838	1.0000268
0.8691404	1.0000397
0.8693969	1.0000207
0.8696531	1.0000285
0.8699092	1.0000331
0.8701661	1.0000375
0.8704228	0.9999871
0.8706793	0.9999964
0.8709370	0.9999903
0.8711952	1.0000208
0.8714530	1.0000209
0.8717118	0.9999770
0.8719701	0.9999754
0.8722278	0.9999757
0.8724870	0.9999875
0.8727461	0.9999873
0.8730051	1.0000097
0.8732636	1.0000157
0.8735225	1.0000193
0.8737814	1.0000589
0.8740405	1.0000085
0.8742997	1.0000265
0.8745595	1.0000011
0.8748182	1.0000018
0.8750779	1.0000199
0.8753378	1.0000517
0.8755966	1.0000217
0.8758564	1.0000252
0.8761162	1.0000188
0.8763754	1.0000239
0.8766346	0.9999718
0.8768947	1.0000244
0.8771540	1.0000011
0.8774127	1.0000060
0.8776717	0.9999953
0.8779298	1.0000208
0.8781875	0.9999726
0.8784468	0.9999884
0.8787054	1.0000080
0.8789630	1.0000226
0.8792204	1.0000011
0.8794777	1.0000108
0.8797346	1.0000075
0.8799911	1.0000179
0.8802478	1.0000146
0.8805044	1.0000295
0.8807610	0.9999939
0.8810186	0.9999837
0.8812759	1.0000098
0.8815327	0.9999744
0.8817890	1.0000208
0.8820457	1.0000412
0.8823019	1.0000168
0.8825586	1.0000024
0.8828151	0.9999744
0.8830718	1.0000124
0.8833284	0.9999920
0.8835847	0.9999787
0.8838414	0.9999928
0.8840978	1.0000094
0.8843539	0.9999567
0.8846103	1.0000104
0.8848673	0.9999963
0.8851244	1.0000094
0.8853812	1.0000144
0.8856384	1.0000385
0.8858951	1.0000190
0.8861531	1.0000128
0.8864109	1.0000052
0.8866681	1.0000108
0.8869260	1.0000230
0.8871836	1.0000420
0.8874411	1.0000227
0.8876992	1.0000288
0.8879569	1.0000150
0.8882143	1.0000665
0.8884726	1.0000506
0.8887301	1.0000326
0.8889877	1.0000117
0.8892452	1.0000207
0.8895020	1.0000424
0.8897591	1.0000634
0.8900161	1.0000076
0.8902721	1.0000211
0.8905286	0.9999854
0.8907853	1.0000081
0.8910412	1.0000063
0.8912981	1.0000270
0.8915548	1.0000069
0.8918106	0.9999955
0.8920675	1.0000239
0.8923240	0.9999844
0.8925803	1.0000346
0.8928378	1.0000206
0.8930949	1.0000332
0.8933521	1.0000238
0.8936103	0.9999888
0.8938676	1.0000001
0.8941252	1.0000026
0.8943826	1.0000304
0.8946394	0.9999930
0.8948963	0.9999937
0.8951539	1.0000427
0.8954108	0.9999924
0.8956674	1.0000115
0.8959251	1.0000010
0.8961818	0.9999589
0.8964380	0.9999803
0.8966942	1.0000210
0.8969498	0.9999774
0.8972052	0.9999874
0.8974616	1.0000173
0.8977174	0.9999769
0.8979728	0.9999887
0.8982292	1.0000036
0.8984855	1.0000040
0.8987419	0.9999946
0.8989988	1.0000295
0.8992548	1.0000079
0.8995113	1.0000015
0.8997682	1.0000081
0.9000245	1.0000235
0.9002810	1.0000088
0.9005374	1.0000227
0.9007935	1.0000051
0.9010503	1.0000093
0.9013077	0.9999987
0.9015641	1.0000069
0.9018214	1.0000279
0.9020785	1.0000064
0.9023351	0.9999851
0.9025929	1.0000485
0.9028496	1.0000192
0.9031065	1.0000013
0.9033648	1.0000491
0.9036220	1.0000634
0.9038800	1.0000317
0.9041379	1.0000097
0.9043949	0.9999939
0.9046520	1.0000025
0.9049094	1.0000162
0.9051660	1.0000171
0.9054231	1.0000205
0.9056802	0.9999930
0.9059371	1.0000268
0.9061940	1.0000164
0.9064513	0.9999911
0.9067068	1.0000258
0.9069624	1.0000214
0.9072189	1.0000126
0.9074745	1.0000382
0.9077305	1.0000261
0.9079863	1.0000191
0.9082419	0.9999754
0.9084978	1.0000501
0.9087545	1.0000059
0.9090107	1.0000493
0.9092670	1.0000546
0.9095237	0.9999796
0.9097801	1.0000351
0.9100365	1.0000073
0.9102930	0.9999984
0.9105492	1.0000080
0.9108050	1.0000049
0.9110609	1.0000224
0.9113171	1.0000390
0.9115729	0.9999884
0.9118282	1.0000150
0.9120839	1.0000345
0.9123399	1.0000371
0.9125947	1.0000067
0.9128500	0.9999883
0.9131056	0.9999999
0.9133610	0.9999797
0.9136174	1.0000207
0.9138738	1.0000090
0.9141301	1.0000077
0.9143870	0.9999862
0.9146443	1.0000146
0.9149017	1.0000020
0.9151588	1.0000010
0.9154164	1.0000345
0.9156741	1.0000308
0.9159317	1.0000119
0.9161895	1.0000056
0.9164478	1.0000047
0.9167058	1.0000155
0.9169638	0.9999814
0.9172219	0.9999913
0.9174800	0.9999817
0.9177373	0.9999871
0.9179941	1.0000291
0.9182518	0.9999825
0.9185081	1.0000327
0.9187645	1.0000378
0.9190211	1.0000044
0.9192772	0.9999897
0.9195325	0.9999990
0.9197889	1.0000233
0.9200447	1.0000038
0.9203001	1.0000442
0.9205563	1.0000186
0.9208121	0.9999969
0.9210677	1.0000060
0.9213230	1.0000238
0.9215783	1.0000206
0.9218333	1.0000177
0.9220888	1.0000130
0.9223445	1.0000217
0.9225996	1.0000173
0.9228543	1.0000035
0.9231100	1.0000028
0.9233653	1.0000098
0.9236201	1.0000245
0.9238755	1.0000208
0.9241310	0.9999882
0.9243858	0.9999972
0.9246421	0.9999966
0.9248978	0.9999931
0.9251532	0.9999923
0.9254095	0.9999948
0.9256656	0.9999894
0.9259213	1.0000107
0.9261769	1.0000040
0.9264330	1.0000399
0.9266885	1.0000352
0.9269451	1.0000110
0.9272022	1.0000050
0.9274588	1.0000420
0.9277159	0.9999903
0.9279733	1.0000225
0.9282302	0.9999657
0.9284871	0.9999605
0.9287442	0.9999934
0.9290013	1.0000154
0.9292590	0.9999802
0.9295171	1.0000144
0.9297740	1.0000070
0.9300306	1.0000025
0.9302874	1.0000134
0.9305437	0.9999961
0.9308005	1.0000269
0.9310565	1.0000292
0.9313130	0.9999848
0.9315697	1.0000422
0.9318263	1.0000048
0.9320839	1.0000149
0.9323410	0.9999849
0.9325983	1.0000104
0.9328563	0.9999841
0.9331135	0.9999896
0.9333710	1.0000078
0.9336281	0.9999943
0.9338846	1.0000076
0.9341420	1.0000519
0.9343991	1.0000191
0.9346559	1.0000061
0.9349131	1.0000143
0.9351700	1.0000246
0.9354265	1.0000269
0.9356831	1.0000287
0.9359386	1.0000132
0.9361942	0.9999975
0.9364507	1.0000081
0.9367062	1.0000237
0.9369630	1.0000163
0.9372197	1.0000089
0.9374757	1.0000008
0.9377318	0.9999899
0.9379884	1.0000026
0.9382441	0.9999805
0.9384996	1.0000073
0.9387558	0.9999903
0.9390120	1.0000363
0.9392686	1.0000191
0.9395254	1.0000543
0.9397814	0.9999910
0.9400378	1.0000020
0.9402940	1.0000004
0.9405498	0.9999867
0.9408056	1.0000023
0.9410614	0.9999836
0.9413169	0.9999846
0.9415730	0.9999972
0.9418292	1.0000007
0.9420844	0.9999756
0.9423398	1.0000301
0.9425948	1.0000093
0.9428493	1.0000222
0.9431041	1.0000033
0.9433587	1.0000156
0.9436141	0.9999697
0.9438698	1.0000351
0.9441261	1.0000123
0.9443816	1.0000127
0.9446371	1.0000087
0.9448932	1.0000459
0.9451492	1.0000036
0.9454058	1.0000573
0.9456620	0.9999592
0.9459184	1.0000292
0.9461751	1.0000002
0.9464314	1.0000175
0.9466880	1.0000109
0.9469444	0.9999773
0.9472009	1.0000060
0.9474571	1.0000206
0.9477139	0.9999983
0.9479702	0.9999878
0.9482262	1.0000262
0.9484834	1.0000035
0.9487394	1.0000015
0.9489961	1.0000253
0.9492526	1.0000169
0.9495086	1.0000230
0.9497653	1.0000062
0.9500219	1.0000152
0.9502783	0.9999816
0.9505348	1.0000092
0.9507921	1.0000386
0.9510487	1.0000005
0.9513055	1.0000203
0.9515622	1.0000056
0.9518176	0.9999776
0.9520740	0.9999972
0.9523302	1.0000418
0.9525874	0.9999918
0.9528447	1.0000072
0.9531022	1.0000162
0.9533597	0.9999695
0.9536179	1.0000346
0.9538765	0.9999970
0.9541345	1.0000004
0.9543924	0.9999869
0.9546508	0.9999802
0.9549091	1.0000126
0.9551666	1.0000084
0.9554246	1.0000044
0.9556820	0.9999993
0.9559384	1.0000024
0.9561948	1.0000177
0.9564515	1.0000199
0.9567078	1.0000244
0.9569635	1.0000214
0.9572197	1.0000508
0.9574753	0.9999951
0.9577309	1.0000119
0.9579865	0.9999798
0.9582425	1.0000266
0.9584976	0.9999979
0.9587532	1.0000128
0.9590089	0.9999724
0.9592639	0.9999853
0.9595183	1.0000064
0.9597732	1.0000238
0.9600282	1.0000044
0.9602824	1.0000138
0.9605371	1.0000185
0.9607920	0.9999982
0.9610467	1.0000305
0.9613007	1.0000112
0.9615545	0.9999989
0.9618089	0.9999994
0.9620621	1.0000042
0.9623160	1.0000116
0.9625693	0.9999909
0.9628229	1.0000094
0.9630770	0.9999866
0.9633314	0.9999926
0.9635849	1.0000097
0.9638401	0.9999896
0.9640954	1.0000048
0.9643507	0.9999856
0.9646062	0.9999973
0.9648621	1.0000198
0.9651170	0.9999726
0.9653728	0.9999614
0.9656284	1.0000336
0.9658835	1.0000112
0.9661395	0.9999944
0.9663949	1.0000143
0.9666512	1.0000174
0.9669068	1.0000020
0.9671617	0.9999955
0.9674180	0.9999784
0.9676733	0.9999698
0.9679291	1.0000269
0.9681837	0.9999911
0.9684377	1.0000123
0.9686932	1.0000268
0.9689476	1.0000582
0.9692025	1.0000158
0.9694567	1.0000377
0.9697104	1.0000238
0.9699650	1.0000139
0.9702192	1.0000072
0.9704740	0.9999892
0.9707285	0.9999757
0.9709832	0.9999878
0.9712383	0.9999981
0.9714920	1.0000184
0.9717464	1.0000009
0.9720003	0.9999906
0.9722546	1.0000178
0.9725091	1.0000448
0.9727624	1.0000399
0.9730171	1.0000246
0.9732709	1.0000118
0.9735252	0.9999907
0.9737791	0.9999877
0.9740331	0.9999831
0.9742879	1.0000106
0.9745424	1.0000089
0.9747970	0.9999947
0.9750517	1.0000059
0.9753065	1.0000169
0.9755617	1.0000092
0.9758161	0.9999879
0.9760716	0.9999934
0.9763261	0.9999662
0.9765812	0.9999800
0.9768364	1.0000046
0.9770914	1.0000321
0.9773464	1.0000136
0.9776002	1.0000155
0.9778551	0.9999959
0.9781086	1.0000085
0.9783626	0.9999822
0.9786172	1.0000146
0.9788710	1.0000288
0.9791255	1.0000089
0.9793792	1.0000437
0.9796332	1.0000463
0.9798876	1.0000582
0.9801406	1.0000102
0.9803944	1.0000386
0.9806477	1.0000134
0.9809013	1.0000334
0.9811552	1.0000352
0.9814081	0.9999952
0.9816620	1.0000110
0.9819158	0.9999894
0.9821697	1.0000119
0.9824238	1.0000447
0.9826782	1.0000299
0.9829327	1.0000148
0.9831873	1.0000171
0.9834409	1.0000392
0.9836950	1.0000245
0.9839495	1.0000462
0.9842030	1.0000017
0.9844574	0.9999933
0.9847115	0.9999679
0.9849658	0.9999720
0.9852214	0.9999558
0.9854767	0.9999023
0.9857308	0.9997450
0.9859854	0.9995312
0.9862397	0.9993425
0.9864948	0.9990434
0.9867495	0.9986869
0.9870037	0.9983301
0.9872588	0.9979844
0.9875132	0.9975850
0.9877681	0.9971696
0.9880226	0.9967648
0.9882773	0.9963422
0.9885322	0.9959203
0.9887868	0.9954835
0.9890404	0.9950346
0.9892942	0.9945844
0.9895478	0.9941820
0.9898013	0.9937238
0.9900548	0.9932708
0.9903082	0.9928259
0.9905616	0.9923877
0.9908156	0.9919650
0.9910691	0.9915465
0.9913231	0.9911644
0.9915777	0.9907013
0.9918315	0.9903397
0.9920867	0.9899770
0.9923411	0.9895852
0.9925954	0.9892187
0.9928506	0.9888983
0.9931047	0.9885868
0.9933581	0.9882441
0.9936120	0.9879484
0.9938649	0.9876889
0.9941191	0.9874410
0.9943719	0.9871995
0.9946244	0.9870126
0.9948779	0.9868197
0.9951312	0.9866464
0.9953840	0.9864738
0.9956375	0.9863677
0.9958915	0.9862765
0.9961456	0.9861961
0.9963996	0.9861540
0.9966537	0.9860534
0.9969074	0.9859926
0.9971621	0.9859515
0.9974165	0.9859346
0.9976707	0.9858528
0.9979261	0.9858215
0.9981804	0.9857819
0.9984355	0.9857147
0.9986902	0.9857236
0.9989442	0.9856957
0.9991991	0.9856750
0.9994529	0.9857076
0.9997069	0.9856406
0.9999212	0.9856048